5
20 5 9 5 4 
-0.13156 0.14440 -0.83278 0.73513 0.54751 -297421667972456765590652059648.00000 -281750892556576620544.00000 -4414274106461322739712.00000 -3786844405760.00000 0.86200 -211876659200.00000 -12.19809 -757.64423 -3493101568000.00000 0.74852 -0.08984 -8809062858752.00000 -841.18317 -791764.75000 -3529461248.00000 
0.66106 -2.43111 1.15222 1.11808 0.36303 -0.28538 0.15831 1.63121 2.83920 2.14272 0.98887 0.64121 0.25179 -0.36856 -0.01795 -0.16681 1.67099 1.29809 1.09239 -2.26157 
-4.31614 0.88372 1.96574 1.08765 -0.52260 -1.01483 -0.25598 -0.61591 3.56687 -0.16858 0.30169 0.02117 -0.17280 0.41216 -0.06863 0.25162 1.12745 -0.25054 -0.05674 -0.55751 
2.10832 -4.15624 1.71968 1.94546 -0.13101 -0.94191 -0.14660 -0.59464 5.06978 4.53337 0.29169 0.02580 -0.44117 0.37852 -0.30269 0.33575 1.28510 1.32774 0.52056 -1.65485 
0.13563 -2.62243 2.15003 1.37719 -1.01302 -0.24553 2.40396 1.59133 3.88783 1.69049 -0.84563 -0.04509 0.13746 0.09228 0.19932 -0.44390 1.87568 0.48818 0.38985 -0.94857 
0.15167 -0.70562 -1.28989 -1.52156 -0.55645 
0.30601 -1.42766 -0.67188 -0.78395 -1.01204 
0.05819 -1.46080 -0.50231 -1.17340 -0.84320 
-0.87858 0.03038 0.42371 1.96606 0.62970 
0.65287 1.22006 0.34752 1.68699 -0.03263 
-0.20818 -0.17030 0.01037 1.72765 0.86355 
0.25799 -0.63444 -1.07291 -1.63703 -1.47398 
-0.06882 -0.21254 -2.82552 -0.51576 -1.20887 
0.92854 0.20728 -6.13037 2.59681 0.32342 
-4.56764 -2.55729 -3.40301 5.48456 4.93759 3.59737 -4.98410 -2.20775 3.21709 
0.75899 0.08092 -0.14874 -1.61718 -0.89261 -1.60997 0.76904 -0.43212 -2.27697 
0.60541 0.54983 -0.61034 -1.54062 -1.36454 -1.35178 0.52906 -0.32700 -0.68977 
-0.02905 -0.27248 -0.74250 -1.30807 -1.49948 -1.19769 -0.41342 -0.06910 -0.18044 
-1.05458 0.16341 0.52409 1.92206 0.99553 0.31300 -0.49249 -3.27613 -7.64620 
-5.76507 2.07600 1.59723 1.86908 -4.97077 
-5.76953 0.63278 0.48293 1.56877 -4.64477 
-5.72940 3.07251 1.44300 1.58289 5.59730 
-0.32785 0.05558 -0.46883 0.07594 -4.71315 
0.72830 -0.95893 0.92753 0.44830 -1.02657 
-1.83460 -1.61291 -1.32713 0.50860 0.30291 0.89309 -1.42603 -0.31291 1.47508 
-4.77203 -1.13726 -1.43451 -1.02760 0.57173 
7.27892 7.08952 6.92860 1.37597 
