5
20 24 24 24 4 
0.93165 0.62334 0.73899 -0.22843 0.73662 -0.10830 -0.51098 0.61248 0.09392 -0.19818 -0.50406 0.65768 -0.75884 0.39303 -0.98099 0.96287 -0.03792 0.38393 0.50670 0.38671 
0.44265 -0.67691 -0.32311 -0.98839 0.66106 -0.17874 -0.80346 -0.43183 0.68905 0.34591 -1.23675 0.38796 0.46440 0.59128 -0.38732 0.10533 -0.73346 0.04499 -0.98217 -0.39320 
-1.03342 -0.71834 1.28271 -0.61276 -1.03668 -0.60640 -0.67369 -0.60008 2.46836 1.18063 -1.45898 1.45180 -0.48687 -0.09416 -0.23417 0.81959 0.05331 -0.27424 0.78572 -0.42236 
0.92288 -0.67065 -0.50088 -0.88665 -0.61592 0.23173 -0.36778 -0.64949 -0.31343 0.90696 -1.10307 -0.13969 -0.28774 0.20179 0.36791 -0.55830 -1.17659 0.17328 -1.15346 0.34646 
-0.76722 -0.95393 -0.38032 -0.53637 0.36864 0.18001 -0.53238 0.76997 -0.65779 -0.78599 1.08019 -0.79445 0.41339 -0.66506 -0.55300 -0.34427 -0.12288 -0.67652 0.29197 0.85570 
-0.40304 1.16473 0.29532 0.92089 0.92292 0.46792 0.50052 0.39498 0.16787 -0.50664 -1.08664 -2.29607 -0.31641 -0.73952 -0.44446 -0.72126 -0.52644 -0.20366 0.62093 0.35396 
1.18252 1.87339 -1.26050 -0.88577 -0.47798 0.80506 -0.33776 0.06822 0.35763 -2.35067 1.82734 0.66134 0.30385 0.41620 -0.50728 -0.57599 0.09003 0.21088 1.29366 0.54806 
3.11460 -0.21060 -0.31849 -2.52658 0.70952 0.27844 0.12621 0.11310 -2.44073 0.30011 1.41091 1.65390 -0.61092 -0.49227 0.24064 -0.74632 0.40973 -0.85326 -0.19066 0.07153 
-1.29270 0.41040 0.45067 -0.44260 0.25256 -1.01253 0.04784 -1.15081 1.50451 0.70094 -1.74248 2.80274 0.55749 -0.20925 0.45054 -0.17216 -0.38092 0.44004 -0.73645 -0.44808 
0.93137 0.61529 0.57154 0.90725 -0.23859 -0.34548 0.29575 -0.23054 -0.73113 -1.29611 1.77191 0.38973 0.58167 0.02687 0.58622 -0.57322 -0.46117 0.88683 -0.04442 0.07872 
0.12300 -1.51524 -1.31766 0.87258 -1.02833 -0.29163 0.58847 -1.13333 0.25628 2.19332 -1.49942 -1.80498 -0.67447 -0.60049 -0.09023 -0.53214 -0.66810 0.72938 -0.51273 0.27208 
-1.27398 -0.95883 -0.30549 0.18006 -0.70730 0.24746 -0.32579 -0.94369 1.53758 0.07085 -0.75043 -0.35744 0.73953 -0.76658 0.11862 0.10268 0.42368 -0.62613 -0.42090 0.06169 
0.67170 -1.49490 2.31393 -0.91568 0.01331 -0.15352 -0.34037 -0.18174 -0.51668 0.24730 -1.99430 -0.81583 -0.64183 -0.09538 0.67540 0.13578 -0.96435 -0.43957 -0.47993 -0.44723 
0.23285 -1.55275 1.12891 0.27005 -0.61660 0.68698 -0.87087 0.52593 -0.31613 0.94274 -2.38534 0.02241 -0.67682 0.60222 -0.78969 -0.82764 0.07038 -0.97874 -0.09152 -0.83226 
0.37610 0.51384 -0.70028 0.77738 0.65319 -0.31836 -0.28383 1.11559 -0.88834 0.05160 0.81627 0.02654 0.78359 -0.04511 -0.14727 0.92331 0.32216 0.36826 0.17444 -0.08056 
0.91258 0.17969 -0.24498 -0.10287 1.15305 0.64259 0.12419 -0.62556 -1.79662 1.05985 0.84986 -1.03295 -0.58805 0.15806 0.82446 -0.56735 0.13842 0.54447 0.39258 -0.26454 
0.41917 -0.96949 -1.00945 0.49398 -1.09019 -0.64485 -0.91438 0.40463 -0.76894 1.57339 2.00966 -0.46897 0.06839 0.55471 -0.88362 -0.24920 0.17013 0.41850 0.03833 -0.34963 
0.85367 0.31748 -0.62472 1.19105 0.70727 0.43887 -0.37431 0.61538 0.58629 -1.61578 1.29197 -0.67742 -0.09261 0.50421 0.58041 0.93350 -0.88329 0.53902 -0.10442 -0.39712 
-0.70362 1.79785 -1.18468 0.65513 0.88142 0.40734 0.19305 0.04441 1.17808 -2.43108 0.67739 -0.94100 -0.00417 0.52761 0.09228 -0.94141 0.74019 -0.58305 0.08292 0.59320 
-0.34703 2.05050 1.11570 -0.85145 0.14101 0.81156 0.06479 0.23294 1.15658 -2.23396 -1.15760 0.44286 -0.71427 0.29409 0.33262 0.50118 -0.18424 0.89778 -0.21414 0.33114 
1.61683 0.50124 1.42107 -0.56251 0.88531 0.32839 0.50360 -0.22702 -2.08860 0.04486 -2.36360 0.26583 0.21696 -0.21362 -0.08349 -0.63812 -0.20245 -0.70386 0.57636 0.93674 
0.18902 0.75460 -1.18231 0.08902 -0.91266 0.58284 -0.97250 -0.63557 -0.31189 -0.46410 2.44832 -1.09135 -0.90190 -1.00380 -0.22860 0.76931 -0.10866 -0.82490 0.36151 -0.15246 
-0.57057 1.49944 0.13719 -0.79160 0.72414 0.33572 0.56466 0.09845 -1.09132 -1.49958 1.59423 0.14044 -0.75485 -0.96105 0.93426 -0.06666 0.68894 0.57223 -0.67240 -0.33692 
-0.11465 -0.66237 -0.03636 -0.67018 -0.30383 -0.54069 -0.15417 0.12049 0.92227 0.98497 -1.28158 -1.49547 0.14783 -0.36785 -0.28382 -0.89204 -0.39526 0.28011 -0.96728 0.00393 
-0.06975 0.35374 -1.00347 0.93888 0.63106 0.74224 0.76466 0.64250 0.84349 -0.35616 -0.17154 0.05839 -0.36537 -0.01429 0.21791 0.64073 -0.89690 0.28948 -0.22186 0.06389 1.01954 -0.55808 0.62659 -0.71935 
-1.15231 0.08009 -0.05342 -1.14847 -0.41659 0.22715 0.98730 -1.04486 0.31371 0.95494 -2.05764 0.37552 0.02653 -1.09585 -0.48264 -0.47301 -1.40344 0.30828 1.54328 1.45799 -0.54154 0.75394 1.35770 -0.69716 
-1.05031 -0.32379 -0.40780 0.28707 1.08234 -1.73349 -0.24560 1.59616 0.90002 0.42572 -0.94176 0.47243 -0.89614 -0.23172 0.40638 -0.07810 1.00857 0.06254 -0.39772 -1.63163 -0.58300 1.18560 -0.66937 0.34000 
0.17438 -0.31417 -0.85393 0.23249 0.20318 -0.86594 0.61362 -0.84559 -1.46968 0.64952 0.48633 0.55438 -0.23829 -1.05570 0.81739 0.27516 1.47355 -0.05131 0.97716 -0.23291 -1.79751 0.41566 -0.25442 -1.18345 
0.97150 -0.65604 0.19125 0.63435 -0.59481 0.56730 -0.48157 -0.19107 -0.29110 0.40721 0.42399 -0.61328 0.97102 -0.09443 0.69048 0.67464 -1.15321 -0.80831 1.12141 0.27417 0.82188 -1.25618 -0.32391 1.22547 
-0.74547 -0.40871 -0.51326 0.35278 -0.37356 0.47412 -0.18817 -0.86830 -0.71681 -0.89170 0.28550 -0.59905 -0.16993 -0.53699 -0.44620 0.01849 -0.07827 0.43678 -0.97560 -0.40609 -0.55892 0.81740 0.42764 -0.33058 
0.23017 0.88896 0.65960 1.18030 0.30793 1.37881 0.87588 0.06066 0.46618 -0.33907 -1.33245 -0.03355 0.97182 1.24433 -0.74682 -1.03184 -1.18961 0.43051 -0.18037 1.98228 0.84904 -1.56601 -0.52856 -0.35024 
0.95434 0.19148 -1.06765 -0.45811 -0.37907 -0.41010 0.83363 0.92460 -0.20790 -0.50669 -0.05536 -0.11958 -0.04442 0.65835 -0.22410 -0.07836 -0.90554 0.73325 -0.00112 -0.45676 1.53525 -1.14248 0.29433 0.27133 
-0.43124 -0.38242 0.28021 0.24274 0.57814 0.63213 0.30657 -1.17817 0.21712 -0.60668 1.27682 -0.78719 -0.74304 1.16859 -0.04278 0.34078 0.05650 -1.12707 -0.85191 -1.16892 0.33659 0.57618 -0.85561 -0.08517 
0.85085 -0.91646 -0.38133 0.03228 -0.36315 0.95482 0.24362 1.06317 -0.95545 0.02288 -0.69388 0.12231 1.01935 -0.07558 -0.83154 0.54050 0.58298 0.77619 -0.87823 0.54702 -0.13593 0.57308 -0.44023 0.81816 
0.17995 -0.47857 0.06943 1.00553 0.83551 1.38923 0.05401 0.28047 -0.84479 -0.84463 0.64227 -0.00571 -0.30565 -0.33511 0.09644 0.81556 -0.53317 0.75476 -0.80084 -0.81254 0.56624 -0.48141 -0.02614 0.32952 
-0.63786 0.36412 1.35171 0.96333 -1.02241 0.19259 -0.69183 1.58011 -0.35831 -1.21096 0.43708 0.60115 1.66040 -0.04108 -0.42556 -0.01143 0.27214 -1.02033 -1.79719 -0.40429 1.12630 -1.04804 0.25522 0.25193 
0.77533 -0.10507 0.60483 -0.60662 0.03479 -0.92533 -1.12780 -0.70110 1.31396 0.28853 -0.38635 0.85781 1.05680 0.36905 -1.02936 0.09050 -0.30268 -1.52843 -1.37201 0.65783 0.43630 0.25966 -1.12998 0.02689 
-0.13735 -0.71273 0.78573 -0.32346 -0.57564 0.60386 0.02605 0.30814 0.46528 0.90746 -0.84783 -0.75231 -0.27751 0.62696 0.00416 0.57729 0.19820 0.54154 -0.15518 0.33119 0.70085 0.84453 -0.89304 -0.39731 
-0.23916 -0.20221 0.68635 -0.14666 0.70144 0.03515 -0.35311 0.56195 -0.20412 0.58106 -1.52786 -0.32867 -0.06652 -1.20123 0.06868 0.08603 0.42561 0.26390 -0.34183 0.96458 0.66159 0.93646 0.50873 -1.04936 
0.61614 1.03446 1.66953 -0.90816 -0.40364 0.33043 -1.13368 -1.88976 1.31326 -1.08707 -0.04576 1.05125 0.73440 0.84978 -0.19905 -0.31946 0.36912 0.38447 1.60111 0.32535 -0.09652 -0.77330 -0.93877 -0.01668 
0.41927 -0.85317 -1.56839 -0.15213 -0.21128 -0.35500 1.55823 1.87830 -1.32461 0.59002 -0.93409 -0.67276 -0.32312 -0.37091 0.52192 1.53851 0.65429 1.07968 0.51579 -0.67994 0.07210 -0.44666 1.23642 -0.71570 
1.35535 0.60827 -0.96526 0.81663 0.48599 -0.36438 1.20909 2.04155 0.34361 -0.09107 -0.47178 -1.58069 1.57795 1.20194 0.94482 1.49786 0.06108 -0.31939 0.04999 0.71543 1.76813 -0.54677 -0.05423 0.00336 
-0.78579 -0.59962 -0.03124 -0.27875 0.56428 -0.52305 0.55531 0.37549 1.03908 -0.70047 -0.88244 -0.38104 -0.69518 -0.04209 -0.71064 -0.59816 0.42627 0.25441 -0.31071 -0.75921 -0.72220 0.38844 -0.51370 -0.87740 
0.51840 0.04397 1.77700 -0.35093 0.68979 0.72293 -0.08855 -1.69308 1.80271 -0.65925 -1.13559 -0.31576 -0.07092 0.51523 -0.75809 -0.85022 -0.37201 -0.06619 -0.76683 0.24829 -1.74820 -1.17768 0.70911 0.31852 
-0.23834 -0.91718 -0.31792 -0.15971 0.16549 1.77310 -0.63495 -0.08719 -1.71172 -0.05715 -0.03411 -0.49512 -0.34434 0.93610 0.20518 -0.12710 -0.38578 1.66352 0.89512 0.76386 -0.56062 0.00054 -0.65248 0.78681 
-0.90595 0.17466 -0.18074 0.90209 -0.50406 -0.65736 -1.47123 -0.37215 0.82431 0.15179 0.88289 0.83412 1.33393 0.40574 0.15236 0.68996 0.35387 -0.10067 -0.82227 -0.12100 -0.45539 0.15113 -1.14034 0.63001 
-0.37864 0.95602 0.92292 0.78389 0.47013 -0.78023 -0.43315 -0.11125 -0.25276 0.15695 1.45351 0.74524 0.38978 0.82719 -0.23414 -0.46071 0.36419 0.21966 -0.65607 -1.50077 0.59319 0.04313 -0.34891 -0.01254 
-0.50505 -0.56766 -1.16440 0.44801 -0.39937 1.59541 -1.81017 -1.08393 -1.61311 0.09535 1.16090 -0.74744 1.42092 0.36773 0.41683 1.61240 0.88305 0.91050 -0.10987 -1.08139 0.83232 0.00616 -0.98485 0.87418 
1.14106 1.86187 0.28006 -0.14509 0.14964 -0.72649 0.92357 0.65403 -0.41151 -0.24521 0.01688 -0.68939 0.84088 -0.04025 1.05863 -0.13460 -0.51048 0.30962 0.28056 0.22078 1.41941 -0.68315 -0.81211 -1.03911 
-0.13976 1.14558 0.78597 0.85463 0.28318 -0.00669 -0.85775 -0.14655 0.14037 0.30372 0.06614 -1.54738 -0.60595 0.39270 -0.19191 0.56306 0.23648 -1.44721 0.80643 1.21933 0.42215 -0.63639 0.11718 -0.76082 
-0.47867 -1.28676 -1.15040 -0.30912 -0.01023 0.13158 0.24548 -0.75037 0.14158 0.22718 -0.23951 0.33667 -0.85852 0.36058 -0.11528 0.62160 -1.15583 -0.66898 0.23808 -0.73854 -0.02143 0.85626 -0.59702 -0.14089 
-0.99044 -0.93632 -0.18452 0.18640 -0.20192 0.47350 0.19478 -0.71700 0.21754 0.39373 -0.06073 -0.65164 -0.16939 -0.68567 -1.18707 1.02066 -0.82642 0.26147 0.66904 -0.71604 0.67520 -0.11726 -0.25340 0.62088 
-0.11394 -0.74963 0.11433 -0.42908 0.02498 -0.22410 0.17334 -1.10646 -0.18030 -0.89339 -0.39549 1.16135 -0.30527 0.88372 -0.18029 0.58158 -0.71490 1.23529 0.63836 -0.03317 -0.95569 0.09311 1.02149 -1.20882 
0.55323 -1.79878 -0.09560 0.64839 0.51359 1.02397 -1.15061 -0.28791 1.19715 -0.51798 0.03601 0.77452 -0.31697 -0.10338 -1.26718 0.03493 -0.04438 -0.23495 -0.89154 0.66484 -0.29702 1.23786 0.61224 0.76162 
0.37812 -1.66067 0.71880 0.36867 -0.15476 0.75235 -1.17732 -1.34536 0.72027 -0.28619 0.76166 1.52226 1.07099 -1.20736 -0.01927 -0.23441 -0.43794 -0.58014 0.91864 0.26376 -0.62147 1.65014 1.41156 1.33301 
0.29621 0.62319 1.29761 0.05890 -0.28990 -0.27223 0.22642 0.33970 -1.00455 0.36449 -1.53664 0.97439 -0.66761 -0.50689 0.81291 -0.26561 0.93386 0.71975 1.15447 -0.26686 -2.10543 -0.99927 -0.73897 -2.88707 
1.37803 0.07926 0.32990 0.29955 0.44818 -0.31724 0.66550 -0.03668 0.38423 0.28427 0.28734 -1.22710 0.15854 -0.13358 1.23307 -1.32045 0.64870 0.62756 1.01242 -1.07981 0.83852 -1.13374 0.37285 -0.03621 
-0.81517 0.44003 1.20640 1.33413 -0.79450 -0.56351 -1.72561 -1.10622 -0.37574 -0.11131 -0.67487 -1.46817 -0.94234 0.60285 1.05520 -0.98596 1.31213 -1.69041 0.92819 -1.18787 0.06668 0.60193 -0.06398 0.27894 
0.13158 0.17447 -0.78173 -0.06739 -0.29296 0.17244 -0.34380 0.02475 0.83855 1.09048 0.67222 0.09945 -0.72357 -0.01826 0.66555 -1.22738 1.44675 1.52132 0.71108 -0.63970 0.33792 0.03918 -0.41274 0.65901 
-0.50255 0.00962 -1.16073 0.73258 0.62339 0.37621 0.24484 -0.24086 0.47438 0.38999 -0.28358 -1.09012 0.47639 -1.27524 0.29374 1.03276 -0.37909 -1.34737 0.72135 1.35766 0.73315 -0.01785 -1.36698 -1.74694 
0.80896 0.03836 0.75540 0.55310 -0.88071 0.83119 -0.03935 -1.09653 -0.62609 -0.70789 -0.56130 -0.40637 1.00049 -0.02568 0.69371 -0.49775 0.63094 0.67310 0.97252 0.37860 -1.61180 -0.14421 -0.91540 -1.58007 
-0.93017 -1.55611 1.20062 0.31103 -0.91836 0.22114 -1.62776 -1.16599 0.59493 0.39229 0.76731 0.68400 -0.46401 0.54363 -0.79535 0.03155 0.86336 -0.85550 -0.43258 -1.15008 0.37785 0.04171 0.17580 0.27020 
-0.87105 0.10935 1.33441 0.52539 -0.94726 -0.19839 -0.39772 -0.22278 0.78885 -0.10463 -0.93068 0.00310 -0.85568 -0.90070 1.02551 -0.06135 1.24509 -0.03969 -0.64580 1.22815 -0.80137 -0.95827 -0.92588 -0.76822 
-0.71985 -0.84002 -0.06635 -0.72049 0.38738 0.70418 0.18551 -1.01254 -0.25789 -0.21264 0.27927 -0.22070 0.31628 -0.26922 -0.13739 -1.05240 0.34132 -0.61052 0.97152 -0.28862 -1.02163 0.78363 0.18445 -0.26371 
-0.48278 -0.80034 0.61155 -1.02412 0.78104 -0.75217 -0.31892 -0.33563 0.71882 -0.99835 -0.88239 0.66584 0.40895 -1.21110 -1.07728 0.00864 -0.10075 -0.59188 0.62024 0.16192 -1.24636 0.60905 0.45466 0.69156 
0.66813 1.05739 -1.47312 1.23032 1.15811 0.79702 0.29175 -0.66460 0.90755 0.78752 1.14890 -1.22409 -1.21524 -0.46958 -1.04455 1.15265 0.49268 -1.21626 -0.10663 -0.75792 1.45289 -0.88308 0.35988 3.10446 
-0.22857 2.03183 -0.19333 1.30308 -1.12278 0.99698 -0.08147 -0.63423 -0.88685 -0.88878 0.35001 -1.34790 -0.24852 0.27600 -0.70158 1.69931 -1.07614 -0.78831 0.22568 1.66211 -0.36737 0.84902 0.06114 -1.60736 
-0.64369 -0.23864 -0.51357 -0.90973 -0.56838 0.04064 -0.24598 -1.10212 -0.75049 0.58627 0.32694 0.52741 -0.70282 -0.61956 0.21898 0.38852 -0.01570 -0.65809 -0.54633 -0.34107 -0.92334 -0.33239 -0.41302 0.65458 
0.47244 0.16824 -1.10420 0.04375 -0.79354 -0.03215 0.29793 -1.08782 -0.23149 -0.28718 -1.24675 -1.11001 0.36463 0.16585 0.57265 1.23675 -0.70891 -1.40599 -0.82275 2.27561 0.63756 -0.23254 -0.23881 -2.44361 
-0.75149 -1.39259 0.31788 -0.82025 -0.76756 0.12195 -1.08908 0.20822 0.97949 -1.11295 -0.68118 0.27422 0.78517 -0.82994 0.00582 1.44603 -1.11921 -1.20980 0.09631 0.35296 -1.05616 1.28254 0.85760 -0.01985 
-1.13628 -1.30392 -0.33284 0.25139 0.51450 -0.54114 -0.75912 -0.00621 -0.11191 0.51487 0.67788 0.62461 0.84085 -0.69357 -1.08038 0.20477 -0.73409 0.74037 0.66050 0.22393 -0.31634 -0.36321 0.79856 0.04077 
0.26914 -0.92546 -0.10771 1.48016 -0.98455 0.11209 -1.78349 -0.00151 0.14398 0.40067 -0.44655 -0.80569 -0.22114 0.55466 0.01764 -0.71853 0.64657 -0.86941 -0.52735 0.02532 0.16928 -1.11573 0.14177 -0.12854 
-0.79362 1.39688 -2.90837 -0.47240 -3.45595 -2.45649 -4.17072 -0.83050 1.19496 3.69281 -0.11899 -0.68432 -0.87049 -1.28647 -0.23316 -2.19351 -2.84876 2.23662 -1.21058 0.25726 -3.95049 -3.08412 -3.20647 1.55781 
1.90907 -2.56685 -0.56479 -2.36437 -0.04220 -3.08059 -5.83923 4.39779 0.93090 -3.29235 1.67819 -1.90112 2.55756 -3.52346 -0.13275 0.22813 -1.36518 -2.87367 -3.21133 -0.56258 -1.60987 -2.81094 -0.72240 -1.88305 
1.49469 1.46857 1.20611 0.83020 -1.88121 -1.71944 -3.65385 -4.23650 -2.05719 -1.27266 -1.95889 2.40051 -3.49370 -2.94397 -1.44754 -1.46483 0.00098 4.50583 2.36631 0.09230 2.71096 1.05968 -0.73158 -1.09861 
-1.01841 -1.99261 1.88829 1.48357 1.02379 2.54012 3.56204 -2.61116 -0.40792 -2.22755 1.29226 -1.73726 -1.43665 1.40780 -1.80213 0.27046 1.12107 1.91314 -2.25252 -0.22192 -2.24134 2.15469 1.61343 -0.72159 
-0.23020 -0.52974 0.06050 -0.55969 -0.11167 -0.99690 1.22919 0.97644 -0.30467 0.69634 -0.32457 0.30556 -0.85420 -1.01120 0.14444 -0.70548 -0.83799 0.64013 0.57672 -0.35135 -1.36574 -0.19297 1.01971 -0.94921 
-0.82208 0.01145 0.42162 -0.71327 -0.20716 -0.90876 -0.07683 -0.05443 0.50863 0.77678 0.24712 -0.76821 0.80502 0.65822 0.21261 -0.02393 -0.35068 1.54752 0.26817 0.14630 0.31084 -0.85683 -0.34516 0.18087 
0.53634 -0.06279 -0.29318 -0.95015 -0.71553 -0.70028 -0.18177 -0.05008 0.19428 0.62200 0.62454 -0.09799 -0.06594 0.23843 -0.33692 0.06428 0.51996 -0.39505 -0.12676 0.24389 0.65496 -0.43101 -1.24247 -0.18093 
-2.76412 -0.44920 -1.43668 0.68204 
