5
20 24 24 24 4 
0.94927 0.61426 0.73999 -0.26291 0.75541 -0.12456 -0.51694 0.58537 0.09255 -0.18919 -0.53876 0.65738 -0.76462 0.39235 -0.98419 0.96275 -0.05984 0.37272 0.51073 0.38940 
0.41179 -0.69676 -0.32541 -1.01011 0.64251 -0.20481 -0.81195 -0.45320 0.68980 0.34048 -1.23738 0.39017 0.46355 0.59033 -0.38859 0.10466 -0.74565 0.03200 -0.99339 -0.41423 
-1.09160 -0.73579 1.29926 -0.61590 -1.04346 -0.62616 -0.67026 -0.60114 2.47998 1.16201 -1.45895 1.45639 -0.48643 -0.09542 -0.23390 0.81279 0.05320 -0.27985 0.78725 -0.45459 
0.93644 -0.68508 -0.50755 -0.89197 -0.61502 0.23589 -0.38144 -0.65537 -0.31347 0.94429 -1.10475 -0.14089 -0.28841 0.20062 0.36736 -0.55657 -1.18498 0.15912 -1.16161 0.35982 
-0.76545 -0.94069 -0.40040 -0.56155 0.37947 0.16503 -0.53610 0.75191 -0.65747 -0.80451 1.10770 -0.79307 0.40698 -0.66496 -0.55744 -0.34350 -0.11697 -0.69108 0.30637 0.84013 
-0.34064 1.15149 0.30723 0.96407 0.89958 0.49675 0.51171 0.44506 0.16689 -0.41467 -1.18951 -2.30504 -0.30324 -0.73125 -0.43390 -0.72791 -0.55586 -0.16660 0.58358 0.44667 
1.17598 1.87033 -1.33361 -0.87856 -0.49243 0.80819 -0.35220 0.04791 0.35769 -2.39275 1.82855 0.66161 0.30668 0.40911 -0.50619 -0.57855 0.06372 0.19314 1.28787 0.52254 
3.06734 -0.30386 -0.40559 -2.60312 0.74865 0.16475 0.06118 0.03722 -2.44465 0.29522 1.48819 1.65526 -0.63701 -0.50028 0.21978 -0.73111 0.35004 -0.98344 -0.18081 -0.04151 
-1.31836 0.40220 0.45948 -0.48678 0.26627 -1.04368 0.04737 -1.16608 1.51057 0.67117 -1.74164 2.81818 0.55176 -0.21218 0.44890 -0.17311 -0.38142 0.42836 -0.71717 -0.46715 
0.95998 0.63840 0.53735 0.89224 -0.22933 -0.33614 0.28449 -0.23606 -0.73504 -1.31740 1.76761 0.39022 0.58160 0.02835 0.58603 -0.57196 -0.45593 0.88785 -0.02569 0.08721 
0.12370 -1.55570 -1.29236 0.97000 -1.04975 -0.22465 0.57200 -1.07255 0.25795 2.27389 -1.50258 -1.80521 -0.66439 -0.59797 -0.08396 -0.53359 -0.64964 0.76670 -0.54612 0.31630 
-1.31584 -0.97913 -0.30535 0.18676 -0.73627 0.23328 -0.33355 -0.94927 1.54378 0.05835 -0.74468 -0.35648 0.74302 -0.76616 0.11944 0.10064 0.41931 -0.62974 -0.43656 0.03642 
0.68068 -1.50917 2.31435 -0.92110 0.01973 -0.14570 -0.33970 -0.18109 -0.51693 0.29190 -1.99535 -0.81727 -0.64139 -0.09885 0.67592 0.13705 -0.95749 -0.45061 -0.47537 -0.42027 
0.23256 -1.56540 1.14547 0.28565 -0.63211 0.69310 -0.86275 0.53746 -0.31547 0.98290 -2.38717 0.02138 -0.67405 0.60248 -0.78749 -0.82808 0.07566 -0.97541 -0.09916 -0.80563 
0.38028 0.49883 -0.72792 0.76828 0.63614 -0.31705 -0.30777 1.09940 -0.89063 0.05922 0.81663 0.02414 0.78376 -0.04537 -0.14730 0.92455 0.30906 0.36107 0.15944 -0.08180 
0.94451 0.15229 -0.32457 -0.08421 1.12564 0.68214 0.06560 -0.62717 -1.80201 1.09132 0.85353 -1.04328 -0.58499 0.15678 0.82551 -0.55865 0.11599 0.52353 0.36660 -0.25348 
0.37910 -0.96382 -1.02772 0.54034 -1.10674 -0.62080 -0.91821 0.43352 -0.76831 1.55738 2.09993 -0.46960 0.07011 0.55263 -0.88249 -0.24750 0.20600 0.42166 0.04567 -0.36715 
0.87470 0.34239 -0.61658 1.18414 0.65676 0.42323 -0.37113 0.61783 0.58808 -1.58863 1.29329 -0.67996 -0.08915 0.50938 0.58055 0.93335 -0.89000 0.53881 -0.11375 -0.36330 
-0.65164 1.83990 -1.16160 0.66327 0.89937 0.42503 0.20140 0.08334 1.17846 -2.44736 0.67873 -0.94094 -0.00393 0.52727 0.09242 -0.94803 0.76186 -0.57135 0.09042 0.61236 
-0.31712 2.06485 1.09496 -0.91437 0.14911 0.77195 0.07879 0.18761 1.15615 -2.26412 -1.23741 0.44522 -0.72212 0.29014 0.32595 0.49866 -0.22354 0.87112 -0.19515 0.32338 
1.69471 0.48619 1.41521 -0.61932 0.97150 0.31538 0.47443 -0.27055 -2.09523 0.07670 -2.40134 0.26448 0.20638 -0.21526 -0.09185 -0.62882 -0.21310 -0.75110 0.60061 0.93053 
0.18244 0.77074 -1.22431 0.11018 -0.92088 0.59826 -0.98424 -0.62419 -0.31196 -0.49160 2.49624 -1.09182 -0.90124 -1.00377 -0.22632 0.77114 -0.08659 -0.81255 0.37483 -0.15473 
-0.56626 1.53085 0.13005 -0.83431 0.75228 0.30942 0.57948 0.08566 -1.09459 -1.54877 1.59734 0.14142 -0.76634 -0.95985 0.93204 -0.06464 0.69288 0.55462 -0.64410 -0.36236 
-0.11117 -0.67591 -0.03650 -0.64500 -0.31570 -0.52445 -0.15846 0.13067 0.92258 1.02817 -1.28306 -1.49568 0.15171 -0.36853 -0.28260 -0.89226 -0.39820 0.28278 -0.98052 0.02429 
-0.07434 0.35527 -1.00587 0.94357 0.62644 0.73429 0.75518 0.64955 0.84197 -0.36674 -0.16853 0.05517 -0.36388 -0.01606 0.20809 0.63938 -0.89990 0.27751 -0.23464 0.05450 1.02512 -0.56391 0.61452 -0.71791 
-1.15942 0.07633 -0.06068 -1.15598 -0.41661 0.21912 1.00704 -1.03994 0.31118 0.95632 -2.08477 0.37125 0.01758 -1.11787 -0.49092 -0.49284 -1.41768 0.30661 1.56136 1.48708 -0.54947 0.75632 1.37449 -0.70337 
-1.08015 -0.34010 -0.42115 0.23586 1.09027 -1.74975 -0.24566 1.56005 0.89643 0.42555 -1.01562 0.46283 -0.91923 -0.26514 0.39199 -0.10551 0.99180 0.06854 -0.36631 -1.60622 -0.65040 1.22084 -0.63698 0.31296 
0.16205 -0.32059 -0.86101 0.22208 0.20665 -0.86298 0.62645 -0.88839 -1.47734 0.66184 0.47805 0.55805 -0.24983 -1.05945 0.82542 0.26387 1.48082 -0.03503 0.99057 -0.22542 -1.83117 0.43294 -0.24898 -1.18833 
0.97252 -0.65205 0.19272 0.64815 -0.60620 0.56865 -0.49580 -0.19237 -0.29333 0.39079 0.44670 -0.61194 0.97680 -0.08241 0.68190 0.67386 -1.15841 -0.82269 1.09991 0.26187 0.84511 -1.28321 -0.34875 1.23311 
-0.74202 -0.40870 -0.51278 0.35271 -0.37238 0.47801 -0.18422 -0.86697 -0.71654 -0.88761 0.28614 -0.59844 -0.16978 -0.53613 -0.44199 0.02117 -0.07741 0.44103 -0.97144 -0.40269 -0.55683 0.81850 0.43156 -0.33042 
0.24159 0.90090 0.66857 1.21152 0.29043 1.37591 0.86581 0.08708 0.47132 -0.35395 -1.30245 -0.03189 0.98591 1.25299 -0.75845 -1.02669 -1.19986 0.41099 -0.20847 1.97458 0.89853 -1.59957 -0.55441 -0.33516 
0.96056 0.19677 -1.07077 -0.44245 -0.38990 -0.40820 0.82397 0.94380 -0.21104 -0.51924 -0.03743 -0.12315 -0.03900 0.66313 -0.23181 -0.06867 -0.91365 0.72046 -0.01804 -0.46416 1.57116 -1.16462 0.27515 0.27791 
-0.41025 -0.37719 0.28796 0.26012 0.58836 0.65038 0.31900 -1.16182 0.22008 -0.58983 1.31368 -0.77916 -0.73701 1.19031 -0.01511 0.36424 0.08091 -1.10807 -0.84878 -1.18050 0.35337 0.58356 -0.85641 -0.07542 
0.84941 -0.91638 -0.38480 0.03525 -0.36290 0.95811 0.24103 1.06118 -0.96206 0.02065 -0.68818 0.12218 1.01951 -0.07385 -0.83154 0.54362 0.58547 0.77520 -0.88091 0.54185 -0.13474 0.57271 -0.44555 0.81994 
0.15458 -0.47870 0.06465 1.01312 0.83231 1.38255 0.02738 0.23555 -0.86079 -0.86964 0.66276 -0.00033 -0.30469 -0.32249 0.08016 0.79946 -0.52822 0.73759 -0.82882 -0.84394 0.54277 -0.49140 -0.06166 0.33551 
-0.63208 0.36383 1.35424 0.95893 -1.02117 0.19922 -0.69252 1.58098 -0.35458 -1.20704 0.43542 0.60129 1.66155 -0.03878 -0.41984 -0.00516 0.26998 -1.01537 -1.79338 -0.40085 1.13033 -1.04883 0.26239 0.25085 
0.77872 -0.10529 0.60710 -0.60960 0.03447 -0.92468 -1.12471 -0.69929 1.31897 0.29223 -0.39112 0.85750 1.05678 0.36812 -1.02719 0.09047 -0.30572 -1.52571 -1.36795 0.66466 0.43868 0.25856 -1.12363 0.02534 
-0.13602 -0.71146 0.78532 -0.31971 -0.57503 0.60318 0.02675 0.31458 0.46440 0.90719 -0.84468 -0.75263 -0.27632 0.62709 0.00428 0.57914 0.19954 0.54035 -0.15677 0.32965 0.70423 0.84557 -0.89483 -0.39562 
-0.25657 -0.20989 0.67427 -0.17202 0.68890 0.02009 -0.36314 0.55671 -0.20886 0.56565 -1.57884 -0.34224 -0.07533 -1.22961 0.04054 0.06617 0.39271 0.24801 -0.33758 0.98636 0.65237 0.92814 0.51699 -1.06371 
0.59829 1.03182 1.68137 -0.90842 -0.40902 0.32359 -1.14480 -1.96386 1.32119 -1.09004 -0.03609 1.06312 0.73920 0.86041 -0.20969 -0.35487 0.37090 0.36634 1.58503 0.32367 -0.12460 -0.79301 -0.94631 -0.01279 
0.43002 -0.85284 -1.56660 -0.15150 -0.20633 -0.34430 1.56865 1.88046 -1.32395 0.60275 -0.93302 -0.67063 -0.32025 -0.36564 0.53338 1.54552 0.65581 1.09135 0.52633 -0.66844 0.08093 -0.44571 1.24807 -0.71490 
1.35565 0.60830 -0.96501 0.81664 0.48607 -0.36404 1.20946 2.04157 0.34370 -0.09078 -0.47174 -1.58052 1.57796 1.20199 0.94510 1.49793 0.06111 -0.31902 0.05037 0.71578 1.76818 -0.54660 -0.05398 0.00339 
-0.78612 -0.60052 -0.03106 -0.28265 0.56725 -0.52523 0.55851 0.37823 1.04108 -0.69665 -0.88901 -0.38155 -0.69676 -0.04542 -0.70880 -0.59806 0.42794 0.25760 -0.30549 -0.75708 -0.72840 0.39609 -0.50719 -0.87973 
0.54263 0.04565 1.78802 -0.35026 0.69314 0.74106 -0.06083 -1.68235 1.81590 -0.63375 -1.13672 -0.31159 -0.06843 0.51697 -0.73738 -0.84165 -0.37353 -0.04436 -0.74164 0.27854 -1.73031 -1.17604 0.73565 0.31913 
-0.22751 -0.90553 -0.31681 -0.11995 0.17387 1.79039 -0.63892 -0.06234 -1.73139 -0.05944 0.02259 -0.48797 -0.32828 0.95623 0.21692 -0.09771 -0.35781 1.66246 0.87305 0.72660 -0.53926 0.00675 -0.68113 0.80875 
-0.91193 0.17140 -0.18273 0.89352 -0.50665 -0.65899 -1.47677 -0.38358 0.82350 0.14702 0.87451 0.83294 1.32966 0.40348 0.14780 0.68426 0.34934 -0.10315 -0.82188 -0.12037 -0.46291 0.14889 -1.14078 0.62604 
-0.36837 0.95781 0.92736 0.79089 0.47646 -0.76822 -0.43178 -0.10781 -0.25122 0.16388 1.47758 0.75034 0.39152 0.84312 -0.21732 -0.44593 0.38100 0.23087 -0.65642 -1.51530 0.59868 0.04769 -0.35342 -0.00789 
-0.54592 -0.55404 -1.15391 0.49518 -0.39137 1.55661 -1.83649 -1.16555 -1.61547 0.06401 1.24269 -0.72110 1.42753 0.41495 0.40969 1.57297 0.92045 0.89094 -0.17146 -1.15818 0.77678 0.00443 -1.06236 0.89931 
1.16940 1.86700 0.28519 -0.14193 0.18042 -0.72621 0.95081 0.68301 -0.40331 -0.21427 0.04589 -0.67520 0.84673 -0.01079 1.08238 -0.12689 -0.47896 0.34125 0.28127 0.22310 1.44454 -0.67975 -0.79931 -1.01177 
-0.18282 1.15549 0.76514 0.89483 0.25278 -0.00326 -0.88332 -0.19247 0.12841 0.26613 0.02594 -1.57234 -0.61779 0.36530 -0.22041 0.57596 0.20921 -1.48061 0.79902 1.23089 0.42124 -0.64161 0.09033 -0.76231 
-0.46413 -1.28053 -1.14783 -0.30546 0.00542 0.13178 0.25925 -0.73581 0.14561 0.24289 -0.22493 0.34103 -0.85663 0.37607 -0.10270 0.62652 -1.13936 -0.65235 0.23861 -0.73659 -0.00705 0.85742 -0.59163 -0.12767 
-0.97694 -0.92961 -0.18187 0.19211 -0.18714 0.47392 0.20743 -0.70355 0.22225 0.40863 -0.04741 -0.64959 -0.16818 -0.67066 -1.17531 1.02652 -0.80954 0.27782 0.66966 -0.71343 0.69007 -0.11641 -0.24830 0.63279 
-0.12904 -0.73584 0.10943 -0.43871 0.00724 -0.22467 0.16729 -1.12243 -0.19231 -0.91312 -0.42600 1.14657 -0.30121 0.87064 -0.18482 0.59014 -0.73177 1.21995 0.64032 -0.02163 -0.98028 0.08854 1.00258 -1.24646 
0.51188 -1.78795 -0.12011 0.64490 0.46965 1.02372 -1.18572 -0.33076 1.17415 -0.56434 -0.00940 0.72391 -0.32651 -0.14271 -1.29106 0.03733 -0.09216 -0.28117 -0.89292 0.66740 -0.32127 1.22429 0.56146 0.71954 
0.23518 -1.66143 0.66492 0.34384 -0.30698 0.75058 -1.30008 -1.49198 0.65961 -0.44362 0.60988 1.42315 1.04444 -1.35249 -0.12286 -0.25414 -0.60032 -0.74112 0.91377 0.26142 -0.73590 1.62297 1.30326 1.18969 
0.20666 0.51875 1.31203 -0.07653 -0.40823 -0.28060 0.12389 0.26105 -1.03498 0.25707 -1.66195 0.97952 -0.64637 -0.61510 0.72745 -0.33269 0.79060 0.59163 1.15741 -0.28931 -2.30244 -1.00125 -0.75712 -3.03196 
1.37696 0.07833 0.32945 0.30022 0.44759 -0.31722 0.66438 -0.03809 0.38432 0.28359 0.28773 -1.22760 0.15703 -0.13451 1.23210 -1.32029 0.64779 0.62669 1.01218 -1.08062 0.83974 -1.13380 0.37237 -0.03548 
-0.86246 0.41033 1.21725 1.37306 -0.85483 -0.56163 -1.79191 -1.16221 -0.38241 -0.14941 -0.71263 -1.48170 -0.94771 0.56504 1.02295 -0.99894 1.27216 -1.73180 0.93046 -1.19244 0.04227 0.59946 -0.07607 0.26229 
0.13449 0.17822 -0.78140 -0.06640 -0.28971 0.17246 -0.33975 0.02733 0.83875 1.09386 0.67433 0.09972 -0.72301 -0.01460 0.66899 -1.22445 1.45030 1.52519 0.71133 -0.63723 0.34109 0.03924 -0.41238 0.65939 
-0.52706 0.00282 -1.16722 0.73666 0.61050 0.37778 0.23672 -0.26689 0.47552 0.36691 -0.30838 -1.09225 0.47637 -1.29227 0.27423 1.05869 -0.39236 -1.36206 0.71982 1.37562 0.71820 -0.01817 -1.36872 -1.75304 
0.84548 0.08021 0.78264 0.52822 -0.86227 0.82902 -0.00708 -1.06025 -0.63378 -0.67862 -0.57256 -0.39836 1.02331 0.01149 0.73862 -0.49660 0.66027 0.70792 0.98271 0.39459 -1.63786 -0.14421 -0.91387 -1.63170 
-0.99340 -1.53559 1.17374 0.31039 -0.98942 0.22059 -1.68414 -1.23417 0.55896 0.32410 0.69650 0.62564 -0.47587 0.48306 -0.83067 0.02703 0.79263 -0.92501 -0.43353 -1.14888 0.33510 0.02570 0.10964 0.20088 
-0.87975 0.11418 1.34486 0.52519 -0.96354 -0.19849 -0.40936 -0.23459 0.78306 -0.11352 -0.95217 0.00085 -0.84999 -0.90600 1.02557 -0.05971 1.23702 -0.04589 -0.64185 1.23552 -0.82316 -0.95952 -0.93120 -0.79378 
-0.73088 -0.83518 -0.07129 -0.72453 0.37529 0.70395 0.17861 -1.02396 -0.26491 -0.22593 0.26269 -0.22992 0.31654 -0.27979 -0.14311 -1.05056 0.32902 -0.62259 0.97177 -0.28563 -1.03406 0.78091 0.17279 -0.28191 
-0.49372 -0.80092 0.60779 -1.02640 0.76946 -0.75233 -0.32816 -0.34683 0.71423 -1.01034 -0.89395 0.65950 0.40729 -1.22230 -1.08526 0.00701 -0.11318 -0.60420 0.61985 0.16171 -1.25566 0.60726 0.44714 0.68058 
0.61438 1.03059 -1.50009 1.24498 1.10295 0.79709 0.22255 -0.72236 0.89357 0.74349 1.14427 -1.26199 -1.25477 -0.52995 -1.09331 1.11021 0.42753 -1.28235 -0.11619 -0.80218 1.46731 -0.89071 0.32404 3.10550 
-0.24653 2.02980 -0.19266 1.31451 -1.13367 0.99860 -0.08640 -0.65621 -0.88455 -0.90247 0.33096 -1.34947 -0.24790 0.26734 -0.71171 1.73035 -1.08096 -0.79303 0.22732 1.68460 -0.37409 0.84900 0.06200 -1.61994 
-0.65457 -0.24652 -0.51481 -0.91092 -0.57936 0.04069 -0.25646 -1.11319 -0.75180 0.57531 0.31720 0.52508 -0.70353 -0.63014 0.20936 0.38762 -0.02659 -0.66909 -0.54654 -0.34108 -0.93288 -0.33296 -0.41540 0.64839 
0.47629 0.19427 -1.09611 0.04191 -0.78185 -0.03114 0.32609 -1.08683 -0.22923 -0.28455 -1.26938 -1.10544 0.37717 0.18108 0.58654 1.28621 -0.68938 -1.38496 -0.81710 2.31587 0.62393 -0.23187 -0.23393 -2.47561 
-0.75149 -1.39259 0.31788 -0.82025 -0.76756 0.12195 -1.08908 0.20822 0.97949 -1.11295 -0.68118 0.27422 0.78517 -0.82994 0.00582 1.44603 -1.11921 -1.20980 0.09631 0.35296 -1.05616 1.28254 0.85760 -0.01985 
-1.14704 -1.30016 -0.34085 0.24879 0.50338 -0.54131 -0.76664 -0.01743 -0.11934 0.50263 0.66555 0.61254 0.83933 -0.70400 -1.08586 0.20612 -0.74691 0.72807 0.65999 0.22529 -0.32329 -0.36680 0.78386 0.02885 
0.21960 -0.95322 -0.10466 1.49158 -1.04179 0.11286 -1.84108 -0.05653 0.13562 0.35426 -0.49134 -0.81987 -0.22447 0.50955 -0.01952 -0.72502 0.59973 -0.91651 -0.52575 0.02434 0.13055 -1.11911 0.12706 -0.15870 
-0.77592 1.56262 -2.93770 -0.50781 -3.51708 -2.64654 -4.26913 -0.83423 1.18966 3.80445 -0.12321 -0.68536 -0.86901 -1.39676 -0.21200 -2.23221 -2.86185 2.26994 -1.23440 0.24572 -4.01081 -3.08412 -3.27944 1.56417 
1.91610 -2.23362 -0.60824 -2.40421 -0.12244 -3.28547 -5.95961 4.41306 0.91721 -3.35466 1.67127 -1.89191 2.54853 -3.66647 -0.17392 0.18610 -1.38826 -2.91427 -3.28132 -0.58430 -1.65737 -2.81094 -0.82024 -1.96088 
1.33893 1.77858 1.17224 0.79427 -1.93636 -1.99165 -3.82562 -4.06308 -2.21695 -1.31138 -2.11924 2.61970 -3.44814 -3.12841 -1.41258 -1.52586 -0.02484 4.28381 2.55701 0.06818 2.93519 1.05968 -0.84408 -1.17753 
-1.16136 -2.06604 1.89738 1.49539 1.03512 2.61559 3.60790 -2.64146 -0.53688 -2.24680 1.16038 -1.76791 -1.47964 1.45649 -1.82031 0.27984 1.12893 1.82161 -2.27190 -0.22168 -2.27546 2.15469 1.64217 -0.71479 
-0.24847 -0.55933 0.03479 -0.55056 -0.12339 -0.93493 1.18780 0.82380 -0.33361 0.70560 -0.26479 0.28371 -0.82502 -0.98193 0.13640 -0.69593 -0.81958 0.67341 0.61022 -0.39651 -1.38167 -0.17913 0.99726 -0.92665 
-0.83196 -0.00013 0.39058 -0.71345 -0.21210 -0.90426 -0.07583 -0.05876 0.54116 0.77581 0.22855 -0.76202 0.80773 0.65919 0.17621 -0.02660 -0.33739 1.54789 0.26915 0.17345 0.33018 -0.86438 -0.32724 0.17801 
0.56797 -0.09623 -0.27657 -0.93381 -0.73099 -0.74651 -0.34275 -0.17821 0.19338 0.58065 0.62840 -0.11289 -0.03117 0.16892 -0.34321 0.05221 0.50764 -0.46117 -0.13183 0.23289 0.67545 -0.43101 -1.25480 -0.22802 
-2.76437 -0.44531 -1.61221 0.55301 
