5
20 24 24 24 4 
0.96661 0.61810 0.75448 -0.27928 0.77468 -0.11628 -0.50150 0.56311 0.09216 -0.19175 -0.56727 0.65726 -0.76386 0.38305 -0.98712 0.96275 -0.07415 0.37019 0.52398 0.40862 
0.40152 -0.70819 -0.32408 -1.01653 0.63757 -0.21546 -0.81267 -0.46335 0.69010 0.34104 -1.23742 0.39082 0.46246 0.58971 -0.38946 0.10466 -0.74979 0.02603 -0.99813 -0.42050 
-1.10067 -0.75469 1.32311 -0.58740 -1.02630 -0.62845 -0.65027 -0.59813 2.48409 1.15962 -1.45979 1.45802 -0.48797 -0.09664 -0.23390 0.81279 0.06788 -0.27659 0.79622 -0.45544 
0.91573 -0.72708 -0.51120 -0.91263 -0.62934 0.20092 -0.40238 -0.67750 -0.31348 0.96419 -1.10465 -0.14134 -0.29286 0.19696 0.36723 -0.55657 -1.20477 0.14213 -1.18250 0.34853 
-0.77126 -0.93899 -0.40948 -0.58972 0.37610 0.14069 -0.54529 0.72622 -0.65740 -0.80812 1.13112 -0.79263 0.40546 -0.66383 -0.56046 -0.34350 -0.11474 -0.71319 0.29753 0.83463 
-0.31182 1.14662 0.29681 0.94188 0.87648 0.52417 0.49845 0.45998 0.16620 -0.40357 -1.29894 -2.30689 -0.29421 -0.72483 -0.42761 -0.72791 -0.60698 -0.12293 0.58602 0.47534 
1.14867 1.89772 -1.37345 -0.85249 -0.50600 0.84042 -0.35319 0.06064 0.35768 -2.42857 1.83116 0.66177 0.29906 0.38693 -0.50619 -0.57855 0.03978 0.18568 1.30353 0.48968 
3.03833 -0.29367 -0.37407 -2.68340 0.81425 0.06573 0.05477 -0.05735 -2.44485 0.29404 1.55471 1.65603 -0.63685 -0.49929 0.20047 -0.73111 0.33064 -1.11876 -0.16376 -0.07384 
-1.31089 0.39599 0.48436 -0.48861 0.29758 -1.05200 0.06344 -1.18268 1.51325 0.66264 -1.73910 2.82272 0.54568 -0.21135 0.44693 -0.17311 -0.36704 0.42917 -0.69820 -0.45939 
0.97559 0.67709 0.53526 0.87677 -0.21144 -0.31395 0.28378 -0.23792 -0.73653 -1.33403 1.76769 0.39023 0.57891 0.03067 0.58584 -0.57196 -0.44674 0.89678 -0.00588 0.09416 
0.08276 -1.64789 -1.28700 1.00868 -1.04744 -0.23022 0.51464 -1.05237 0.25897 2.33466 -1.51042 -1.80528 -0.67852 -0.59797 -0.07986 -0.53359 -0.65091 0.79391 -0.57126 0.29504 
-1.33116 -0.99174 -0.30482 0.20134 -0.74588 0.22820 -0.33591 -0.94311 1.54607 0.05743 -0.73743 -0.35621 0.74239 -0.76616 0.11986 0.10064 0.42236 -0.62977 -0.44315 0.02588 
0.72219 -1.52153 2.37066 -0.85881 0.06785 -0.10803 -0.28381 -0.16332 -0.51696 0.30772 -1.99549 -0.81762 -0.64163 -0.10917 0.67594 0.13705 -0.91668 -0.43255 -0.44420 -0.38553 
0.25884 -1.56855 1.19949 0.34710 -0.59649 0.72898 -0.81480 0.57256 -0.31509 0.99705 -2.39295 0.02106 -0.67306 0.59916 -0.78651 -0.82808 0.10932 -0.94550 -0.07149 -0.77842 
0.36409 0.47721 -0.76063 0.74480 0.60403 -0.33496 -0.34067 1.08428 -0.89157 0.06190 0.81768 0.02348 0.78430 -0.04740 -0.14733 0.92455 0.28628 0.34626 0.13577 -0.09860 
0.93310 0.11459 -0.39079 -0.11194 1.09398 0.66028 -0.00191 -0.64455 -1.80342 1.10072 0.85045 -1.04676 -0.58914 0.14669 0.82659 -0.55865 0.08035 0.49557 0.34062 -0.28738 
0.35397 -0.97483 -1.03602 0.58179 -1.10565 -0.62236 -0.93360 0.45599 -0.76804 1.57711 2.16313 -0.46991 0.06704 0.54822 -0.88142 -0.24750 0.23783 0.41390 0.03376 -0.38290 
0.87879 0.40330 -0.61420 1.16617 0.64672 0.44198 -0.37608 0.63608 0.58837 -1.59555 1.28688 -0.67975 -0.08434 0.51694 0.58055 0.93335 -0.88818 0.55249 -0.09947 -0.35149 
-0.71517 1.81107 -1.18214 0.60318 0.82893 0.36504 0.12758 0.05131 1.17857 -2.48485 0.68194 -0.93954 -0.01128 0.53230 0.09242 -0.94803 0.74427 -0.58066 0.06430 0.55644 
-0.27699 2.09584 1.09361 -0.93636 0.15561 0.79373 0.11158 0.14604 1.15591 -2.30374 -1.29364 0.44594 -0.70624 0.28125 0.32131 0.49866 -0.24753 0.85989 -0.16143 0.34610 
1.68496 0.44665 1.44286 -0.70704 1.01636 0.23474 0.46098 -0.35653 -2.09622 0.07980 -2.41087 0.26372 0.19589 -0.21560 -0.09990 -0.62882 -0.23319 -0.80794 0.58975 0.91180 
0.17643 0.77636 -1.25131 0.13418 -0.92825 0.59981 -0.99964 -0.60458 -0.31226 -0.49537 2.52846 -1.09194 -0.90050 -1.00377 -0.22399 0.77114 -0.06803 -0.81408 0.37112 -0.16237 
-0.55702 1.55449 0.09799 -0.89032 0.73108 0.27612 0.57675 0.04910 -1.09579 -1.58096 1.60117 0.14200 -0.76107 -0.95279 0.93290 -0.06464 0.67821 0.51614 -0.65140 -0.37414 
-0.11660 -0.69441 -0.03855 -0.62864 -0.32315 -0.52078 -0.16574 0.13469 0.92273 1.04557 -1.28479 -1.49572 0.15198 -0.37181 -0.28260 -0.89226 -0.39876 0.28629 -0.98659 0.02395 
-0.06756 0.35647 -1.00675 0.94760 0.62385 0.73902 0.75657 0.65997 0.84197 -0.36599 -0.16603 0.05277 -0.36211 -0.01731 0.20763 0.64527 -0.90462 0.27706 -0.23426 0.05967 1.04311 -0.56923 0.61435 -0.71670 
-1.17797 0.07222 -0.06564 -1.16466 -0.42536 0.19951 1.00505 -1.05360 0.31008 0.94315 -2.11036 0.36734 0.00666 -1.13428 -0.51096 -0.51962 -1.42827 0.29014 1.55972 1.49980 -0.57207 0.75910 1.37418 -0.70980 
-1.10322 -0.34688 -0.42771 0.21222 1.09581 -1.77120 -0.24734 1.54636 0.89530 0.42333 -1.05513 0.45999 -0.92985 -0.28442 0.38137 -0.12238 0.99117 0.06441 -0.35402 -1.60887 -0.68867 1.23932 -0.62125 0.30045 
0.16238 -0.32353 -0.87004 0.21496 0.20986 -0.85044 0.66007 -0.89894 -1.48465 0.67476 0.46957 0.55825 -0.26867 -1.06781 0.84603 0.26255 1.48532 -0.01324 1.01845 -0.20101 -1.85787 0.45660 -0.23102 -1.19203 
0.98912 -0.64936 0.19529 0.65811 -0.61201 0.58876 -0.49400 -0.18972 -0.29356 0.39198 0.46470 -0.61224 0.98263 -0.07161 0.68789 0.68224 -1.16676 -0.81867 1.09678 0.27403 0.87278 -1.30026 -0.35459 1.23881 
-0.74106 -0.40866 -0.51238 0.35258 -0.37162 0.47919 -0.18256 -0.86655 -0.71639 -0.88617 0.28675 -0.59798 -0.16978 -0.53537 -0.44021 0.02193 -0.07644 0.44276 -0.97006 -0.40210 -0.55767 0.81972 0.43275 -0.33031 
0.25651 0.90712 0.67519 1.23064 0.28627 1.38493 0.86660 0.10675 0.47437 -0.35231 -1.28270 -0.02878 0.99433 1.26035 -0.75943 -1.01566 -1.20631 0.40931 -0.20983 1.98369 0.93760 -1.60712 -0.56220 -0.32714 
0.99265 0.20022 -1.06992 -0.43085 -0.39349 -0.37229 0.84096 0.96337 -0.21042 -0.50331 -0.02167 -0.12555 -0.03377 0.66922 -0.21507 -0.04392 -0.92571 0.73715 -0.00232 -0.43497 1.62635 -1.17836 0.28618 0.28307 
-0.39222 -0.37361 0.29357 0.27208 0.59460 0.66758 0.32943 -1.14798 0.22185 -0.57548 1.34352 -0.77458 -0.73017 1.20789 0.00743 0.38371 0.09816 -1.09129 -0.84992 -1.18782 0.36423 0.58655 -0.85713 -0.06767 
0.85710 -0.91631 -0.38651 0.03736 -0.36193 0.97018 0.24917 1.06273 -0.96470 0.02759 -0.68437 0.12168 1.01958 -0.07213 -0.82343 0.54975 0.58591 0.78306 -0.87391 0.55043 -0.12646 0.57309 -0.44024 0.82118 
0.15506 -0.47907 0.06258 1.01800 0.83013 1.39948 0.02764 0.21168 -0.86915 -0.87200 0.67959 0.00179 -0.30449 -0.30925 0.08797 0.79832 -0.52797 0.74501 -0.83362 -0.84309 0.53502 -0.50001 -0.07230 0.33961 
-0.60890 0.36657 1.35822 0.96573 -1.01428 0.22155 -0.67570 1.60161 -0.35183 -1.18519 0.45028 0.60360 1.66984 -0.02950 -0.39716 0.01761 0.27683 -0.99480 -1.78132 -0.39331 1.15426 -1.04744 0.27735 0.25558 
0.78409 -0.10535 0.60873 -0.61094 0.03538 -0.92007 -1.12186 -0.69665 1.32128 0.29795 -0.39214 0.85792 1.05853 0.36893 -1.02279 0.09466 -0.30707 -1.52089 -1.36250 0.66906 0.44451 0.25769 -1.11754 0.02489 
-0.13147 -0.71103 0.78468 -0.31792 -0.57447 0.60753 0.03229 0.31861 0.46404 0.91106 -0.84383 -0.75303 -0.27623 0.62674 0.00772 0.58183 0.19940 0.54365 -0.15255 0.33544 0.71025 0.84618 -0.89125 -0.39497 
-0.27971 -0.21431 0.66484 -0.18734 0.67943 -0.00521 -0.37747 0.54789 -0.21185 0.54399 -1.62003 -0.35131 -0.08533 -1.25577 0.00862 0.04207 0.36905 0.22358 -0.33872 0.99457 0.64271 0.92462 0.51580 -1.07425 
0.63034 1.03180 1.69211 -0.90785 -0.40048 0.36671 -1.11287 -1.98516 1.32745 -1.04782 -0.02048 1.07480 0.74869 0.88017 -0.17002 -0.34150 0.37604 0.40097 1.61795 0.35918 -0.11328 -0.79357 -0.91168 -0.00828 
0.43909 -0.85253 -1.56490 -0.15126 -0.20315 -0.33443 1.57518 1.88339 -1.32243 0.61324 -0.93225 -0.66918 -0.31757 -0.36261 0.54228 1.55229 0.65624 1.10037 0.53588 -0.66019 0.09001 -0.44536 1.25820 -0.71440 
1.35668 0.60834 -0.96432 0.81664 0.48630 -0.36281 1.21073 2.04158 0.34388 -0.08977 -0.47165 -1.58010 1.57796 1.20217 0.94612 1.49813 0.06119 -0.31760 0.05164 0.71701 1.76827 -0.54597 -0.05311 0.00346 
-0.78992 -0.60098 -0.03114 -0.28473 0.57082 -0.53166 0.55962 0.38131 1.04191 -0.69466 -0.89296 -0.38065 -0.69777 -0.04802 -0.70841 -0.59811 0.43390 0.25832 -0.30330 -0.76273 -0.73600 0.40369 -0.50369 -0.88101 
0.55905 0.04612 1.79333 -0.35075 0.69600 0.75439 -0.04655 -1.67820 1.82251 -0.61671 -1.13796 -0.30931 -0.06522 0.51897 -0.72449 -0.83415 -0.37609 -0.03104 -0.72495 0.29648 -1.71532 -1.17586 0.75299 0.31912 
-0.23093 -0.90164 -0.31829 -0.10400 0.16674 1.78849 -0.65816 -0.06090 -1.74079 -0.07828 0.04577 -0.48907 -0.32321 0.96384 0.20484 -0.09698 -0.35689 1.64642 0.84573 0.71024 -0.53025 -0.00391 -0.71207 0.81663 
-0.90959 0.17023 -0.18255 0.88982 -0.50698 -0.65495 -1.47660 -0.38464 0.82386 0.14923 0.87225 0.83247 1.32963 0.40404 0.15057 0.68605 0.34801 -0.10065 -0.81941 -0.11765 -0.46169 0.14781 -1.13708 0.62496 
-0.34881 0.96110 0.93263 0.80067 0.48267 -0.74939 -0.42329 -0.09238 -0.24888 0.17906 1.50424 0.75370 0.39940 0.85873 -0.19483 -0.42383 0.39597 0.24743 -0.65687 -1.52226 0.61366 0.04856 -0.35089 -0.00095 
-0.54583 -0.55339 -1.15519 0.50491 -0.39256 1.57647 -1.81741 -1.20616 -1.62370 0.06330 1.27478 -0.71592 1.42099 0.44112 0.43679 1.56608 0.92415 0.91741 -0.18050 -1.15359 0.74211 -0.00770 -1.08108 0.90641 
1.20123 1.87146 0.29056 -0.13546 0.21375 -0.72550 0.97891 0.71569 -0.39093 -0.18027 0.07838 -0.66233 0.85142 0.02174 1.10551 -0.12071 -0.44385 0.37614 0.28221 0.22471 1.47336 -0.67653 -0.78380 -0.98095 
-0.22043 1.16518 0.75639 0.98196 0.20647 0.00212 -0.92481 -0.24722 0.11020 0.23611 -0.01471 -1.59760 -0.64262 0.33238 -0.23776 0.53048 0.17240 -1.51513 0.79425 1.22471 0.42323 -0.64653 0.05479 -0.82160 
-0.46248 -1.29239 -1.14554 -0.30580 0.01011 0.13214 0.25924 -0.73314 0.15342 0.24704 -0.21769 0.34776 -0.85342 0.37976 -0.10526 0.63316 -1.13455 -0.64732 0.23915 -0.73544 -0.00463 0.85949 -0.58190 -0.10848 
-0.96444 -0.93043 -0.17873 0.19914 -0.17218 0.47462 0.21923 -0.69053 0.23202 0.42537 -0.03328 -0.64362 -0.16482 -0.65463 -1.16653 1.03376 -0.79165 0.29591 0.67084 -0.70919 0.70459 -0.11396 -0.23769 0.64708 
-0.13993 -0.74360 0.11003 -0.45223 -0.00384 -0.22540 0.16231 -1.13316 -0.19816 -0.92589 -0.44582 1.14685 -0.29094 0.86206 -0.18905 0.60092 -0.74406 1.21079 0.64241 -0.00817 -1.00348 0.08719 0.99743 -1.26245 
0.54828 -1.76467 -0.13235 0.65112 0.51310 1.02412 -1.14278 -0.29332 1.16927 -0.52398 0.02398 0.71461 -0.31523 -0.09930 -1.24484 0.06761 -0.05788 -0.23860 -0.89257 0.68124 -0.27628 1.21800 0.54291 0.75005 
0.19256 -1.65808 0.64493 0.33016 -0.34986 0.74899 -1.33098 -1.53624 0.62667 -0.49085 0.56199 1.39462 1.04343 -1.39521 -0.14082 -0.25389 -0.65466 -0.78942 0.91175 0.26522 -0.77255 1.61137 1.25684 1.14107 
0.28771 0.56678 1.34494 -0.17178 -0.34364 -0.28814 0.21301 0.35808 -1.04819 0.32040 -1.65245 1.00335 -0.60627 -0.54200 0.80820 -0.33282 0.84980 0.65777 1.16723 -0.26837 -2.33338 -0.99817 -0.74545 -3.08909 
1.37452 0.07589 0.32886 0.30098 0.44563 -0.31717 0.66128 -0.04085 0.38437 0.28159 0.28747 -1.22818 0.15480 -0.13703 1.22965 -1.32154 0.64543 0.62420 1.01176 -1.08293 0.84020 -1.13395 0.37173 -0.03507 
-0.90679 0.37819 1.22430 1.40018 -0.91336 -0.56063 -1.85006 -1.21500 -0.39247 -0.18986 -0.75355 -1.48995 -0.95545 0.52267 0.98976 -1.03693 1.22497 -1.77697 0.93233 -1.20155 0.00847 0.59762 -0.08823 0.21420 
0.13644 0.18067 -0.78120 -0.06565 -0.28749 0.17249 -0.33690 0.02920 0.83890 1.09622 0.67558 0.10002 -0.72249 -0.01210 0.67127 -1.22253 1.45280 1.52785 0.71151 -0.63546 0.34317 0.03930 -0.41203 0.65960 
-0.53545 0.00902 -1.17051 0.75977 0.61024 0.38053 0.23583 -0.27894 0.47873 0.36295 -0.31512 -1.09583 0.47207 -1.29463 0.27008 1.08021 -0.39003 -1.35976 0.71866 1.38678 0.72600 -0.01892 -1.37122 -1.73882 
0.81573 0.03141 0.80874 0.45006 -0.90601 0.82419 -0.03702 -1.08230 -0.64431 -0.71812 -0.63363 -0.38317 1.05103 -0.02132 0.71434 -0.50537 0.61586 0.66940 0.98994 0.40804 -1.74015 -0.14190 -0.90613 -1.69989 
-1.01479 -1.51558 1.16495 0.31362 -1.01664 0.22000 -1.70316 -1.25960 0.52975 0.30148 0.66780 0.59674 -0.47905 0.46441 -0.82696 0.02849 0.76487 -0.94765 -0.43250 -1.14559 0.32303 0.01346 0.06679 0.16864 
-0.90408 0.09060 1.35959 0.51448 -0.99648 -0.19910 -0.44059 -0.26051 0.77845 -0.13774 -0.98276 0.00262 -0.84434 -0.92825 1.00822 -0.06793 1.21102 -0.06936 -0.63804 1.23794 -0.86290 -0.95955 -0.93140 -0.81966 
-0.73038 -0.82987 -0.07286 -0.72601 0.37545 0.70378 0.18188 -1.02350 -0.26934 -0.22646 0.25870 -0.23299 0.31865 -0.27888 -0.13897 -1.04680 0.32850 -0.62198 0.97229 -0.28143 -1.03581 0.77911 0.16690 -0.28744 
-0.49680 -0.80030 0.60577 -1.02795 0.76660 -0.75249 -0.32984 -0.35007 0.71111 -1.01377 -0.89759 0.65756 0.40787 -1.22531 -1.08586 0.00774 -0.11742 -0.60769 0.61965 0.16247 -1.25842 0.60627 0.44284 0.67679 
0.72374 1.12221 -1.49760 1.29529 1.20689 0.79773 0.30817 -0.61507 0.89995 0.86357 1.27811 -1.26667 -1.29122 -0.43055 -0.99704 1.07467 0.53446 -1.17890 -0.11979 -0.85657 1.62234 -0.89349 0.32180 3.17241 
-0.26745 2.02133 -0.19252 1.33532 -1.15036 1.00084 -0.10334 -0.68259 -0.88238 -0.91778 0.31534 -1.35301 -0.25533 0.25229 -0.72676 1.74182 -1.09143 -0.80290 0.22774 1.69179 -0.37639 0.84815 0.06002 -1.62258 
-0.66609 -0.25743 -0.51552 -0.91320 -0.59137 0.04063 -0.26821 -1.12499 -0.75332 0.56367 0.30727 0.52410 -0.70401 -0.64189 0.19896 0.38397 -0.03912 -0.68135 -0.54679 -0.34208 -0.94407 -0.33324 -0.41724 0.64112 
0.44179 0.17200 -1.09173 0.03251 -0.81019 -0.03030 0.30450 -1.12279 -0.22844 -0.31750 -1.31371 -1.10276 0.38253 0.15439 0.55972 1.31279 -0.71367 -1.40725 -0.81448 2.33700 0.58079 -0.23155 -0.23158 -2.49670 
-0.75149 -1.39259 0.31788 -0.82025 -0.76756 0.12195 -1.08908 0.20822 0.97949 -1.11295 -0.68118 0.27422 0.78517 -0.82994 0.00582 1.44603 -1.11921 -1.20980 0.09631 0.35296 -1.05616 1.28254 0.85760 -0.01985 
-1.13283 -1.29312 -0.34383 0.24980 0.52015 -0.54120 -0.74965 -0.00279 -0.11973 0.51836 0.67863 0.61378 0.84446 -0.68771 -1.06948 0.21625 -0.73290 0.74451 0.66015 0.23052 -0.30813 -0.36776 0.78098 0.04028 
0.17989 -0.98047 -0.09919 1.49769 -1.08979 0.11315 -1.88858 -0.10104 0.12631 0.31638 -0.52783 -0.82774 -0.22788 0.47161 -0.04878 -0.74130 0.55920 -0.95593 -0.52395 0.02094 0.09602 -1.12178 0.11582 -0.19018 
-0.72212 1.80453 -2.96478 -0.54154 -3.55811 -2.83979 -4.31049 -0.76776 1.22126 4.10683 -0.08854 -0.68729 -0.74318 -1.40891 -0.08413 -2.26136 -2.87934 2.33770 -1.22265 0.23175 -4.05870 -3.08412 -3.35726 1.68388 
1.84576 -1.90464 -0.65036 -2.45866 -0.18974 -3.60207 -6.03367 4.44626 0.83130 -3.49355 1.59098 -1.81048 2.53886 -3.81269 -0.21755 0.13687 -1.42326 -2.98299 -3.28071 -0.60218 -1.60226 -2.81094 -0.96668 -2.06373 
1.37690 1.97244 1.14353 0.75614 -2.01202 -2.28923 -3.89644 -4.06167 -2.20493 -1.32265 -2.09099 2.70702 -3.44041 -3.24774 -1.40302 -1.58013 -0.05656 4.32298 2.61126 0.05426 2.96089 1.05967 -0.97529 -1.21047 
-1.19247 -2.03067 1.90036 1.51058 1.03911 2.70384 3.62816 -2.68403 -0.55617 -2.26328 1.14043 -1.78073 -1.50663 1.48864 -1.83568 0.28621 1.13685 1.82622 -2.28590 -0.22189 -2.29393 2.15469 1.67275 -0.71051 
-0.25376 -0.56982 0.03988 -0.57587 -0.13543 -0.95157 1.16786 0.76199 -0.32775 0.72044 -0.26630 0.28050 -0.76856 -0.92812 0.10613 -0.73887 -0.79720 0.69597 0.54332 -0.40745 -1.44217 -0.16920 0.96257 -0.92299 
-0.83034 -0.02451 0.37236 -0.70562 -0.20213 -0.90240 -0.06478 -0.03498 0.56630 0.78376 0.23230 -0.73428 0.81347 0.66326 0.13952 0.02168 -0.32625 1.54916 0.26904 0.19090 0.31906 -0.86246 -0.30211 0.18888 
0.60286 -0.13106 -0.27160 -0.91580 -0.74030 -0.70394 -0.39105 -0.11159 0.19082 0.53551 0.63105 -0.11137 -0.06946 0.14628 -0.36681 0.05282 0.50415 -0.35772 -0.14298 0.22062 0.65163 -0.43101 -1.23840 -0.26743 
-2.72257 -0.52074 -1.59070 0.53454 
