5
20 24 24 24 4 
0.82629 0.01901 0.22776 0.72790 -0.61345 -0.68108 -0.36082 -0.20182 0.54686 -0.13083 0.46190 0.21079 -0.23527 -0.44462 -0.73772 0.59520 -0.83563 0.96716 0.38646 0.57097 
-0.48997 0.87182 0.26054 -0.05509 -0.47728 -0.65154 -0.16263 0.54143 0.70922 -0.00980 -0.07816 0.41935 0.20109 -0.42082 0.63695 0.80053 0.56035 0.74676 0.13681 0.07865 
-0.54839 0.42088 -0.37193 0.39103 -0.23997 -0.75536 -0.68047 0.59764 -0.01169 -0.05838 -0.69402 -0.26188 -0.72875 -0.03256 -0.36052 -0.60076 0.61950 -0.02091 0.28361 0.88678 
0.26212 -0.91797 -0.43132 0.19040 0.31748 0.24754 -0.34056 0.40996 0.42161 0.93225 0.75860 -0.78027 0.97150 0.44261 0.45512 0.32633 0.42674 -0.33818 0.31138 -0.59319 
-0.75860 -0.46196 0.33415 -0.45250 0.12479 -0.32688 0.38981 -0.45152 0.96551 0.57726 -0.47191 0.19486 0.00241 -0.94220 -0.24674 -0.80621 -0.04526 0.43516 -0.32768 0.02219 
0.36143 0.28636 0.80248 -0.11155 -0.79296 -0.91736 0.27677 0.28544 0.32560 0.49016 0.69109 0.35527 0.50987 -0.23997 0.40159 -0.30180 -0.04776 0.33580 0.01675 0.67351 
-0.22721 0.88665 0.18088 0.16715 0.27219 -0.24711 0.96167 0.26884 0.88989 0.37065 -0.01852 -0.26560 -0.51610 -0.08371 0.45836 -0.33103 -0.53673 0.99255 -0.90295 -0.57982 
-0.95648 -0.90680 -0.18375 0.56127 -0.00693 0.46959 0.40703 0.44621 -0.08249 0.30662 -0.97790 -0.64910 -0.43358 0.43052 0.95764 0.06406 -0.45616 -0.87976 0.10422 -0.26908 
0.39689 -0.67077 -0.04251 -0.62206 -0.54253 0.42528 0.21464 0.83428 -0.18394 0.93744 0.60619 -0.19895 0.71368 0.18229 -0.93756 -0.15213 0.36125 -0.22965 -0.97778 0.84698 
0.94555 0.66527 -0.47429 -0.62328 0.05277 -0.24180 -0.82134 -0.90484 0.44774 -0.82342 -0.64776 0.57353 0.16001 -0.83551 -0.68511 -0.99646 -0.37712 -0.60424 0.12461 -0.02597 
0.89770 -0.89331 -0.71264 -0.10446 0.90094 -0.44572 -0.89196 -0.66228 0.67785 -0.53618 -0.99384 0.71978 -0.56883 0.11856 -0.54241 0.63872 0.29661 0.33158 0.36351 -0.63176 
-0.83782 0.15244 -0.19663 0.87518 0.91711 0.02664 0.97137 0.37846 -0.75103 0.91534 -0.57866 -0.62847 0.16605 -0.30241 0.80615 -0.97375 0.76324 0.25748 0.96698 0.33909 
-0.06693 0.83544 0.67663 0.76141 0.92358 0.46385 0.93365 -0.26066 -0.78533 0.49705 0.36784 0.07352 0.58727 0.39860 -0.82824 0.43681 0.26951 -0.25742 -0.15336 0.65508 
-0.11490 -0.56157 -0.75286 -0.35972 0.32664 -0.29930 -0.81188 -0.83074 -0.92151 -0.75518 -0.29289 0.50572 -0.65416 0.74169 0.93329 -0.16245 -0.16074 -0.76385 -0.79864 0.75085 
0.63787 -0.16910 -0.85589 0.64721 0.44951 -0.81085 0.28727 0.77111 -0.20310 0.85308 -0.41276 -0.23441 0.82153 -0.31944 -0.37645 -0.56786 0.49901 0.60479 -0.98419 0.65526 
-0.03659 -0.31449 -0.13334 -0.72063 0.17563 0.07511 -0.36149 -0.91638 -0.42051 0.88653 -0.28251 0.56120 0.24149 0.90167 -0.18656 -0.58422 -0.44847 -0.55235 0.45384 -0.46165 
-0.93121 -0.78240 -0.44371 -0.14060 0.96838 0.66033 0.30839 0.85168 0.78210 -0.75738 -0.69256 -0.83319 -0.75353 -0.42381 -0.74499 0.09256 -0.67577 -0.70232 0.66790 0.79797 
0.88440 -0.31858 -0.82519 0.75091 -0.27610 -0.90936 0.96387 -0.06925 0.75030 -0.30741 -0.02145 0.83563 0.95856 -0.00888 -0.76086 -0.19211 0.11118 -0.67162 -0.17051 -0.73473 
0.50432 -0.71136 -0.22501 -0.78491 0.94641 0.35057 -0.91461 0.81524 0.49333 -0.15641 0.67705 0.40996 0.85443 0.56310 -0.60448 0.76788 0.80676 -0.07138 0.72936 -0.81762 
0.23905 -0.70562 0.26798 0.78649 0.33799 -0.91205 -0.55266 -0.92859 -0.49815 -0.92468 0.44340 -0.97424 -0.63750 0.66997 -0.91339 -0.05618 0.67858 0.67162 0.75219 -0.62316 
0.22349 -0.26200 0.24863 0.40098 -0.64837 -0.10312 0.20890 0.01065 -0.35142 0.83477 0.28819 -0.04257 0.66442 0.98840 0.91559 0.73644 0.56700 -0.10599 0.36216 -0.10550 
0.96014 -0.32694 -0.51537 0.14286 -0.94360 -0.84985 0.86810 -0.79168 0.23215 0.44792 0.67620 0.15268 -0.12497 -0.65496 0.74548 0.94787 0.62517 -0.74529 -0.16245 -0.69396 
0.53526 -0.04337 0.97736 -0.47563 -0.33598 -0.92254 0.81567 0.23862 -0.66234 -0.90423 0.17801 0.29411 -0.44005 0.81378 -0.78253 0.55284 0.78082 0.77319 -0.36644 0.94116 
-0.25071 0.44169 -0.61022 0.93719 -0.28367 0.32524 -0.97076 0.21427 -0.90094 -0.86792 -0.04984 0.80639 -0.87823 0.07749 0.84344 0.62999 -0.93323 -0.78277 0.83142 -0.55223 
-0.23249 1.12678 0.33889 -0.46945 0.09360 0.64221 0.58521 0.65179 0.53844 -1.13181 -0.84260 -0.45300 0.13756 0.37284 -1.02756 -0.57324 -0.16696 -0.43878 -0.36991 0.82478 -0.42259 -0.89991 0.44690 0.40869 
0.29184 -0.27820 -0.57137 -0.32814 -0.32695 -0.51614 0.70453 -0.89185 -0.80022 -0.90948 -0.97299 0.27040 -0.33012 0.73264 -0.64706 1.00782 -0.49927 0.78682 -0.73442 -0.03483 0.52911 -0.65497 0.41136 -0.10493 
0.18964 -0.38276 -1.13463 -0.18229 -0.61104 0.55698 -1.15036 0.40474 -1.16684 0.07653 -0.08612 -0.41000 -0.91171 -0.64895 0.04774 -0.50267 0.19520 -0.55172 0.12336 -0.31229 -0.29736 0.15885 0.46811 -0.36877 
-0.33620 -0.55206 -0.82270 0.26940 0.59792 -0.17503 -0.41326 -0.17986 0.37659 0.24397 0.98097 0.21720 -0.44833 -0.23785 -0.37310 -0.30728 -0.12735 -0.53175 -0.82340 0.85560 -0.01978 0.51324 -0.42214 0.60254 
0.83321 -0.68296 0.21164 1.21032 0.34943 -0.38047 0.04320 0.55360 -0.45750 -0.79342 -0.07671 0.67125 -0.07458 0.62815 -0.15398 -0.68498 -0.59063 0.13808 -0.34332 -0.54746 0.93697 1.03254 -0.45084 1.09610 
-0.63987 0.11682 0.57921 0.97609 -0.33616 0.21837 0.35653 -0.35695 0.11771 0.49327 -0.55857 -0.04726 -0.58236 -0.58266 -1.20977 -0.62655 1.20648 -0.36290 0.54333 0.20312 0.33809 -1.26424 0.33503 -0.22902 
-0.14255 -0.33560 0.65513 0.51605 0.59044 -0.31433 0.65245 -0.77572 -0.44714 0.03711 0.66850 0.80671 0.59824 0.89035 -1.16226 0.47219 0.91050 -0.28294 0.72965 0.40069 -0.35287 0.11978 0.68083 0.14224 
-0.54862 0.29365 -0.33192 0.87655 -0.65283 0.13294 -0.30836 -0.89639 0.21476 0.95341 0.54094 -0.04726 -0.86767 0.70841 0.08864 0.66306 0.73222 0.88963 -0.26772 0.91065 0.50267 0.33893 -0.03237 -0.20082 
0.86457 0.01801 0.39299 -0.42895 -0.78086 0.43795 0.20103 -0.78046 0.27986 -0.66307 0.79373 -0.86105 -0.65218 0.98396 0.18710 -0.60420 -0.66506 -0.65163 -0.69061 -0.48703 -0.90751 -0.56255 -0.66498 -0.95621 
-0.28233 0.04085 0.74195 0.82361 0.20319 0.02724 0.63028 -0.36461 1.11383 -0.25966 -0.22407 -1.04481 0.77330 -0.08551 -0.77881 0.53297 -0.69034 0.41048 0.43898 -0.53616 0.26518 -0.29911 -0.94184 0.90850 
-0.44942 0.02685 0.28299 0.52386 0.35518 0.09448 -0.48564 -0.09974 1.25599 0.26387 0.34035 0.28084 0.16994 0.00025 0.70323 -0.62388 -0.26607 0.60454 0.09454 0.67654 0.62713 -0.51068 -0.29832 -0.66769 
-0.18618 -0.97924 -0.52189 1.07250 -1.05884 0.69399 -0.31391 -0.52771 0.56526 0.19501 0.66868 0.21733 -0.42392 0.35597 -0.30347 -0.86692 -1.03128 0.14265 0.95589 0.31918 0.67141 0.04871 0.52178 0.46697 
-0.71922 0.75145 -0.75146 1.25357 -0.99785 0.31034 -0.22965 0.18631 0.49683 -0.56000 -0.82739 0.45040 0.05690 0.12426 -0.60083 0.58581 1.01671 0.60728 0.57132 -0.27416 -0.23179 -0.49901 -0.56395 0.22845 
0.51465 0.44547 -0.10165 -0.37224 -0.68896 -0.17284 -0.04778 0.18360 -0.07872 -0.08400 0.71994 0.12211 -0.49863 -0.86233 0.73041 0.80980 0.80399 0.60237 0.91618 0.26937 1.06275 -0.39191 -0.50800 0.66232 
-0.25125 -0.06094 -1.16850 -0.89502 0.91910 0.94396 0.86269 0.11024 -0.83250 -0.34210 -0.45882 0.69174 0.02010 -0.93340 0.54617 0.95238 -1.07733 -0.93145 -0.92456 0.18902 -0.34232 -0.39801 -0.15245 -0.04260 
-0.36944 0.03261 -0.36912 -0.44527 0.66456 0.56605 -0.51251 0.53496 0.28513 0.38567 0.64765 0.40955 0.85341 -0.40019 0.48399 -0.67355 0.95168 0.54444 0.88980 -0.57879 0.58026 -0.70345 -1.00223 0.52992 
-1.15081 -1.04225 0.09966 0.37415 -0.30109 0.46005 0.63686 0.73594 -0.61945 -0.92756 0.83420 0.28192 0.19856 0.14258 0.20525 -0.95506 -0.94718 0.84637 -0.82161 -0.37331 -0.84039 0.25618 0.20374 0.33069 
0.65699 -0.86358 -0.89280 -1.08425 0.59250 -0.61653 0.82051 -0.71422 0.17579 -0.46892 0.41940 -1.12952 0.30144 0.95530 0.25197 0.64094 -0.24119 -0.26794 -0.33366 -0.86217 -0.16710 -0.24586 -0.49761 -0.77154 
0.12699 0.69636 0.14317 0.75039 1.02721 -0.94215 0.61842 1.22934 -0.29117 -1.34261 0.17288 -0.45785 -0.00876 -0.06464 0.65307 -0.71999 0.34182 0.26723 -0.77606 0.94627 0.71326 -0.66905 -0.88398 -0.33402 
-0.66134 0.38337 -0.08649 -1.11682 1.38767 -0.49154 0.30278 0.42453 -0.65132 -1.03371 0.51455 -0.27804 0.29147 -0.09729 -1.24304 0.29340 -0.32782 0.05741 -0.47123 1.18272 0.29774 -1.15969 0.70007 -1.18207 
-0.12553 -0.51017 1.15909 1.24538 1.11250 0.24645 -0.74970 -0.63241 0.74681 -0.19636 -0.30671 0.18707 -0.51372 -0.94155 0.74647 0.61042 -0.24629 -0.12413 -0.63409 1.38055 0.70001 0.08536 -0.10709 0.73947 
-0.20183 -0.45291 -0.06796 1.14534 0.06826 -1.16835 -0.90148 0.23125 0.30223 0.09766 1.20766 -0.00469 0.09616 1.12079 -0.63885 1.14169 0.49303 0.45505 0.63444 1.72420 -0.38188 -0.24911 -0.69554 0.48952 
-0.74022 -0.34826 -1.17813 0.46557 0.51676 -0.51551 -0.45360 0.16307 -0.01118 0.75383 0.57804 0.53327 0.68816 0.73958 -0.27599 0.28786 0.43997 0.54021 0.65469 -0.21328 -0.82573 0.15081 0.20760 0.38360 
0.30338 -0.71502 -0.49712 0.18845 0.63250 -0.75756 0.25327 -0.30235 -0.06278 0.49132 -0.96295 -0.30363 -0.93371 -0.79876 0.19785 -0.40342 -0.54363 -0.95624 -0.22367 -0.89117 -0.52312 -0.59239 -0.88446 0.67797 
-0.56224 -0.15081 -0.32155 0.66435 -1.24442 0.10422 -0.14062 0.46269 -0.90050 0.28697 0.04483 -0.42933 0.19647 0.34841 0.22786 -0.68740 0.60352 0.87339 -2.05733 0.15433 -1.02060 0.90254 0.87188 0.32560 
0.12075 0.29145 0.45246 0.05715 0.33957 -0.51965 -0.56524 -1.23539 0.20073 -0.21375 -0.05710 -0.16021 -0.39304 0.18325 -0.24032 -0.01511 -0.17132 0.53649 -0.74216 0.81618 -0.99624 -1.52889 0.10191 -0.38908 
1.30971 -0.11735 0.39960 -0.34839 0.59481 0.97038 -0.08902 -0.99949 -0.74057 0.00980 0.56021 -1.96874 -0.99434 0.26307 1.06996 -0.78800 0.22936 -0.04853 0.56726 0.66349 -0.25798 -1.25745 -1.12501 -0.05539 
-0.93730 0.72005 0.01556 0.99891 -0.41316 -0.77057 -0.38016 0.24774 0.93920 -0.71220 0.22081 0.34652 0.15384 -1.11167 0.82696 -1.01671 0.79909 0.85600 -0.31026 0.26249 -0.11873 0.27798 -0.59475 0.68310 
0.69872 0.81740 0.20743 -0.55098 0.14970 -0.97935 -0.02248 -0.73001 -0.05389 0.35776 0.39708 0.15600 0.47230 -0.91294 -0.85773 0.00539 0.43507 0.11730 -1.27354 0.28142 -1.13299 -0.06505 -1.26928 -0.65960 
1.42736 0.45123 0.14446 -0.71544 -0.72518 0.38705 0.83190 -1.45907 -0.50369 -1.23996 -1.07455 -0.49356 -0.62584 0.28528 0.87485 -1.19616 -0.35743 -0.67752 0.68011 1.77043 -0.22435 -0.04627 0.11718 -0.98840 
-1.25437 1.13686 0.02782 0.97803 -0.91493 -0.15074 -0.12328 0.13192 -0.95099 -0.78164 -1.06870 0.47806 0.04092 0.63188 1.29904 -0.49513 -0.07203 0.77329 -1.60568 1.11360 -0.62734 0.31155 0.23764 -0.16849 
0.69374 0.69374 0.79909 0.02147 0.65209 -1.00110 -1.27294 -0.33857 -0.85898 -1.02509 -0.97879 -0.34626 0.20289 0.02606 -0.10448 -1.31915 0.31615 0.67974 0.40144 0.92155 -0.49000 -1.77552 0.02929 0.76684 
0.76794 -0.49238 0.54009 0.18462 -0.69310 -1.22231 0.09667 0.27935 -0.89074 0.03002 -0.86796 -0.05129 0.34414 0.49002 0.71416 -1.35989 0.25548 0.81978 -0.99033 -1.11940 0.65050 -1.10451 0.28603 -0.79272 
0.67806 -0.18447 0.07583 0.66978 -0.98767 0.63611 0.48046 -0.79779 0.96955 0.57784 0.53608 -0.74773 -1.25094 -1.36508 0.05232 -0.57504 0.53362 0.66254 0.47995 0.91522 -0.17438 -0.68213 0.15570 0.00247 
0.29788 0.57906 0.53779 -0.18713 -1.30232 0.39942 -0.43289 -0.41885 0.57631 -0.89328 -1.16500 -0.57610 -0.76846 -0.25475 1.34191 -0.64889 0.32516 -0.02021 -0.20921 1.84321 0.22558 0.22698 0.54500 0.13437 
-0.87413 0.78297 0.72880 -0.05034 -0.66757 -0.74804 -0.93861 -0.81650 -0.34523 0.52546 0.27711 0.62555 -0.26733 0.42327 -0.08474 -0.76818 0.11237 0.12987 -0.62534 0.84226 0.43988 -0.93803 0.34935 -0.59441 
-0.83826 -0.70198 0.04167 -0.45399 -0.84481 0.26760 -1.22815 -0.57041 -0.34352 -0.94181 0.78284 -0.58524 0.81309 -0.31462 -0.37454 -0.65682 -0.63995 0.62346 -0.83377 0.61027 -0.30124 -0.84857 0.18981 -0.24345 
-0.61311 0.10489 -1.06786 -0.67749 -0.91836 0.40477 -0.19831 -0.00196 0.77755 0.51000 -0.95404 0.00854 -0.15095 -1.27297 0.55424 -0.33846 0.51281 0.02219 0.68096 -0.72991 0.23887 -0.96152 -0.90961 -0.57500 
0.84000 0.62527 -0.05697 -0.45612 -1.02652 0.20474 -1.35263 -0.32641 0.37709 0.08801 -0.00097 -1.15116 -0.05204 0.68697 -0.01122 0.67050 -0.89131 0.54471 -0.55143 -0.07341 0.48704 -1.24865 -1.32109 -0.15543 
0.26796 0.83729 -0.57228 0.52967 1.07350 1.18650 0.18859 -1.28782 0.03265 -0.34452 0.17025 -0.02618 0.43708 -0.72207 0.47297 -0.46139 -0.10330 -1.33374 0.96218 -0.80688 1.16246 -1.51361 -1.33287 0.00772 
-0.39621 0.22583 0.60653 -0.46471 0.63206 -0.45108 -0.09046 -0.17601 -0.18606 -0.02153 -0.33244 0.10576 -1.07808 -0.60431 0.11773 -0.33726 -0.83256 -0.75691 -0.34392 -0.66205 -1.01171 0.11239 -0.58460 0.41667 
-0.25814 0.70842 -0.07534 -0.79093 -1.06761 0.38621 -0.15228 -0.73122 0.96522 -0.93744 0.78606 -0.45258 0.13374 -0.84942 -0.24832 -0.46123 0.21474 0.56398 0.51950 0.81020 -0.50850 -0.63424 -1.04941 -0.15268 
0.25471 0.78261 0.30841 -0.01297 0.80022 -0.04586 0.01735 -1.00300 0.65286 -0.03127 -0.68339 0.24948 0.16686 -0.55181 -0.67383 0.54495 0.45542 -0.67770 -0.25488 -0.91378 -0.57050 -0.86865 -1.42334 -0.39830 
0.69881 0.41225 0.76626 -0.51764 -1.08607 0.07633 -0.25869 0.11714 -0.05830 0.03341 -0.47324 -1.21159 0.51310 0.20479 -0.91931 -0.75921 -0.91549 0.47176 -0.38409 0.30516 -0.83850 -0.14193 -1.08890 0.88244 
-0.49564 0.19330 0.14099 -0.85070 0.66768 -0.80610 -0.16550 -0.20027 0.33099 -0.69032 -0.19981 -0.24208 -0.43561 -1.59482 0.13254 -0.94785 0.37873 -0.03578 -0.11721 -1.01459 0.25195 0.44318 -0.44841 0.89300 
0.80359 -0.97455 0.98883 -0.49302 0.60632 0.86270 1.04063 -0.10101 -0.50805 0.45702 -0.30090 0.67121 0.68869 0.71815 0.08608 1.09965 0.77440 -0.26860 0.40523 -0.07393 0.03077 -0.26164 0.36665 0.01907 
-0.92819 -0.47591 0.85985 -0.70597 0.85926 -0.49842 -1.35434 0.17921 0.64191 0.74875 -0.35994 0.51949 -0.72338 -0.48457 0.50612 -0.75814 -1.07614 -0.96385 -0.82901 -0.78720 0.05782 0.50941 -0.46242 0.10099 
0.32602 -1.00695 0.90398 -0.00158 0.51957 0.10051 -0.78743 -0.86136 0.54453 -0.56026 -0.33436 0.51208 0.99319 -0.82989 -0.34755 -0.68155 -0.71002 0.22541 0.93397 -0.26327 -0.24108 -1.07912 0.11710 0.94733 
0.39089 0.06606 -0.32290 -0.20029 0.06040 -0.59517 -0.97471 -0.52661 0.47463 0.06288 -0.81368 0.08416 0.77487 1.00515 0.68259 0.68861 0.54625 -0.15489 1.58471 0.12134 0.94113 -0.05677 1.04568 0.88154 
1.87646 1.07812 -0.01307 1.43438 0.22472 0.93375 1.41869 0.93555 0.72792 1.37492 1.49580 1.12558 -0.24417 0.18861 0.36219 -1.04562 1.21124 0.75664 -0.19140 0.20218 0.42998 0.56207 0.04012 -0.46191 
-0.95603 1.01412 2.03704 -0.09848 0.31775 1.82502 -0.65914 1.36605 -0.20111 1.40583 0.93841 -0.00212 -0.18759 1.23483 1.19561 0.88874 -0.90068 0.85691 0.59783 0.65836 0.86894 0.27137 -0.73093 0.74370 
-0.47329 -0.60536 -0.77589 0.51803 -0.42100 0.59644 0.00254 -0.59167 -0.98435 0.17212 0.48753 -0.80189 0.49227 -0.96014 -0.96403 -0.54306 -0.77939 0.19455 0.04416 -0.04492 -0.25201 0.93777 0.20096 -0.03276 
0.07010 0.91565 -0.96332 -0.47349 -0.33683 -0.50139 0.02127 -0.60118 0.96167 -0.42381 0.78204 -0.47978 -0.51067 -0.20334 -0.97198 0.94641 0.41588 0.34874 0.94855 0.19370 0.76574 0.63463 0.35417 -0.85168 
-0.57404 -0.47043 -0.44187 0.23739 0.81012 0.48195 -0.29739 0.87562 -1.04692 0.31440 -0.18889 0.09904 0.65046 1.29882 -0.24764 0.76018 -0.98164 0.72688 0.33694 0.24766 0.06185 1.09023 -0.01425 -0.58000 
-0.96683 0.43306 0.46190 -0.05319 -0.08875 -0.47926 0.08056 0.20092 -0.31023 -1.11163 0.33512 -0.79735 -0.06286 0.40344 -0.38583 -0.47701 0.20888 0.29789 0.11912 -0.04597 -0.09518 -0.36828 -0.34968 -0.65348 
0.93158 -0.80964 -0.11477 0.37589 
