5
20 24 24 24 4 
0.90890 0.60855 0.72511 -0.24088 0.71519 -0.12485 -0.52776 0.59854 0.09483 -0.19893 -0.49450 0.65767 -0.75799 0.39289 -0.98043 0.96389 -0.04491 0.37483 0.49660 0.37324 
0.45689 -0.66561 -0.31533 -0.97878 0.67211 -0.16732 -0.79226 -0.41946 0.68854 0.34843 -1.23651 0.38614 0.46458 0.59169 -0.38714 0.10482 -0.72762 0.05036 -0.97648 -0.38287 
-0.97935 -0.68423 1.32389 -0.58348 -0.99393 -0.56892 -0.63506 -0.56395 2.45953 1.18458 -1.45889 1.44666 -0.48687 -0.09355 -0.23417 0.82329 0.07729 -0.25419 0.80496 -0.38538 
0.90397 -0.67389 -0.50394 -0.89810 -0.61953 0.22460 -0.37287 -0.66583 -0.31339 0.88177 -1.10284 -0.13924 -0.28774 0.19994 0.36783 -0.55930 -1.17582 0.17479 -1.15212 0.32322 
-0.76079 -0.95127 -0.37369 -0.52799 0.36628 0.18397 -0.53048 0.77327 -0.65772 -0.77460 1.07560 -0.79493 0.41446 -0.66532 -0.55215 -0.34450 -0.12432 -0.67473 0.28773 0.86311 
-0.43058 1.16014 0.29695 0.92336 0.92725 0.45921 0.50243 0.39370 0.16806 -0.54819 -1.07549 -2.29042 -0.31814 -0.73759 -0.44635 -0.71783 -0.51553 -0.19348 0.62919 0.32159 
1.14600 1.82973 -1.28157 -0.93707 -0.51831 0.75723 -0.37822 0.03055 0.35779 -2.30863 1.82699 0.66107 0.30385 0.41620 -0.51406 -0.57908 0.05856 0.18377 1.26538 0.54163 
3.03676 -0.24259 -0.34069 -2.61460 0.61582 0.18817 0.10422 0.05412 -2.43568 0.30252 1.40463 1.65370 -0.60632 -0.49148 0.24390 -0.75853 0.36897 -0.86379 -0.24949 0.03986 
-1.25084 0.44570 0.48492 -0.40964 0.28657 -0.98236 0.08348 -1.11566 1.50098 0.71478 -1.74228 2.79390 0.55789 -0.20876 0.45115 -0.17245 -0.36182 0.45929 -0.72097 -0.41683 
0.91619 0.59959 0.56728 0.91091 -0.25476 -0.35646 0.28216 -0.23922 -0.72816 -1.27530 1.77337 0.39017 0.58161 0.02654 0.58634 -0.57317 -0.47118 0.88216 -0.05621 0.07479 
0.12440 -1.49557 -1.31360 0.86716 -1.00910 -0.28851 0.61143 -1.13723 0.25478 2.12304 -1.50004 -1.80497 -0.67626 -0.60026 -0.09101 -0.53134 -0.65863 0.74162 -0.49835 0.25093 
-1.24056 -0.93762 -0.28485 0.20123 -0.67977 0.27358 -0.30265 -0.92029 1.53313 0.07466 -0.75118 -0.35811 0.73926 -0.76648 0.11851 0.10468 0.43867 -0.61377 -0.40787 0.08428 
0.67739 -1.47140 2.33496 -0.90232 0.03431 -0.13744 -0.31680 -0.16700 -0.51654 0.22291 -1.99417 -0.81517 -0.64183 -0.09594 0.67522 0.12962 -0.95055 -0.42604 -0.46460 -0.45214 
0.25100 -1.52762 1.15389 0.28579 -0.58322 0.70818 -0.84278 0.54592 -0.31693 0.91500 -2.38522 0.02253 -0.67703 0.60240 -0.79004 -0.82748 0.08840 -0.96295 -0.06975 -0.83011 
0.36466 0.50966 -0.70496 0.77414 0.64824 -0.32282 -0.29029 1.10728 -0.88669 0.04783 0.81669 0.02800 0.78355 -0.04599 -0.14727 0.92230 0.31975 0.36549 0.17228 -0.09121 
0.85511 0.14974 -0.26066 -0.13517 1.12963 0.60945 0.09795 -0.67448 -1.79306 1.03931 0.84590 -1.02819 -0.58907 0.15388 0.82399 -0.57207 0.12285 0.53308 0.37747 -0.31200 
0.44363 -0.95481 -0.98906 0.49564 -1.07102 -0.63389 -0.89798 0.41122 -0.76922 1.56625 1.98805 -0.46901 0.06816 0.55435 -0.88378 -0.24921 0.17173 0.42648 0.04485 -0.33687 
0.83552 0.30292 -0.65818 1.19890 0.70027 0.43052 -0.38383 0.61110 0.58478 -1.61992 1.29147 -0.67336 -0.09292 0.50432 0.58041 0.93450 -0.88771 0.54068 -0.10932 -0.41250 
-0.71615 1.77308 -1.20707 0.65368 0.87312 0.40118 0.17835 0.03724 1.17805 -2.40405 0.67714 -0.93880 -0.00325 0.52789 0.09228 -0.93402 0.73744 -0.58737 0.07933 0.59725 
-0.36836 2.02950 1.11745 -0.85401 0.12200 0.80050 0.04216 0.22903 1.15691 -2.20192 -1.13632 0.44281 -0.71263 0.29443 0.33351 0.50176 -0.18845 0.89535 -0.22984 0.32727 
1.55486 0.47146 1.39767 -0.60937 0.83646 0.27724 0.47745 -0.27689 -2.08387 0.02911 -2.34964 0.26690 0.21776 -0.21556 -0.08233 -0.64071 -0.22816 -0.72606 0.55298 0.89836 
0.23705 0.79226 -1.14300 0.12308 -0.87274 0.62446 -0.93766 -0.59989 -0.31133 -0.44993 2.43455 -1.09094 -0.90199 -1.00390 -0.22851 0.77124 -0.08970 -0.80455 0.38248 -0.12137 
-0.55992 1.50486 0.14031 -0.79609 0.72230 0.34520 0.56682 0.10689 -1.08834 -1.46137 1.59313 0.14044 -0.75263 -0.96189 0.93316 -0.06771 0.68721 0.57295 -0.67500 -0.31781 
-0.12148 -0.66044 -0.03486 -0.67693 -0.30062 -0.54403 -0.15222 0.11720 0.92182 0.95983 -1.28165 -1.49536 0.14734 -0.36760 -0.28382 -0.89214 -0.39216 0.28333 -0.96341 -0.00878 
-0.04800 0.35426 -1.00057 0.93881 0.63560 0.76427 0.78709 0.66124 0.84588 -0.33429 -0.17033 0.05981 -0.36363 -0.01184 0.23933 0.65774 -0.89505 0.31163 -0.19952 0.08501 1.03837 -0.55373 0.64909 -0.71880 
-1.16900 0.08384 -0.04590 -1.14084 -0.41592 0.20465 0.95361 -1.05980 0.31814 0.92868 -2.03049 0.38000 0.02767 -1.08101 -0.49393 -0.48127 -1.38540 0.28489 1.50775 1.40633 -0.56238 0.75393 1.32029 -0.69155 
-1.01460 -0.31586 -0.40088 0.30953 1.09016 -1.70457 -0.21980 1.63578 0.90189 0.45216 -0.90962 0.47840 -0.88516 -0.21183 0.43880 -0.04436 1.02483 0.08851 -0.38543 -1.62292 -0.53869 1.18779 -0.65735 0.35061 
0.20147 -0.31070 -0.84883 0.23916 0.20820 -0.84638 0.63428 -0.81867 -1.46448 0.67009 0.49682 0.55692 -0.23251 -1.04643 0.84135 0.29559 1.47878 -0.02949 0.99436 -0.21813 -1.76926 0.41598 -0.23723 -1.18038 
0.95759 -0.65815 0.19035 0.62718 -0.59761 0.55389 -0.49173 -0.20570 -0.28938 0.39765 0.41197 -0.61516 0.96781 -0.10254 0.67765 0.66090 -1.15894 -0.81938 1.11500 0.27060 0.80337 -1.25552 -0.32816 1.22196 
-0.74698 -0.40880 -0.51354 0.35257 -0.37409 0.47258 -0.18965 -0.86960 -0.71691 -0.89321 0.28479 -0.59929 -0.17001 -0.53749 -0.44795 0.01715 -0.07895 0.43508 -0.97703 -0.40690 -0.55994 0.81671 0.42645 -0.33073 
0.23051 0.88706 0.65913 1.17549 0.31339 1.38192 0.87896 0.06067 0.46613 -0.33364 -1.33050 -0.03316 0.96861 1.24527 -0.73907 -1.02807 -1.18092 0.43641 -0.17426 1.97665 0.83792 -1.55415 -0.52493 -0.35180 
0.98240 0.19138 -1.06199 -0.46126 -0.37253 -0.38149 0.86500 0.94722 -0.20291 -0.47610 -0.05750 -0.11730 -0.04248 0.65966 -0.19543 -0.05817 -0.90310 0.76315 0.03100 -0.42628 1.55398 -1.13327 0.32785 0.27108 
-0.44885 -0.38684 0.27462 0.23026 0.56962 0.61875 0.29550 -1.19916 0.21453 -0.61930 1.25034 -0.79234 -0.74667 1.15293 -0.06413 0.32211 0.03776 -1.14235 -0.85619 -1.16026 0.32154 0.56772 -0.85580 -0.09162 
0.87635 -0.91521 -0.37747 0.03258 -0.35928 0.97653 0.27014 1.08632 -0.94912 0.04853 -0.69409 0.12343 1.02212 -0.07325 -0.80780 0.55836 0.58330 0.80071 -0.85351 0.57324 -0.11247 0.57583 -0.41391 0.81849 
0.19250 -0.47784 0.07213 1.00256 0.83621 1.39446 0.06661 0.29359 -0.83548 -0.83233 0.63416 -0.00648 -0.30522 -0.33813 0.10563 0.82076 -0.53844 0.76579 -0.78801 -0.79338 0.57780 -0.48251 -0.00903 0.32703 
-0.63303 0.36338 1.34979 0.96336 -1.02225 0.19973 -0.68404 1.58437 -0.36093 -1.20419 0.43269 0.60056 1.66111 -0.04202 -0.42247 -0.00732 0.26915 -1.01427 -1.78933 -0.39205 1.13336 -1.04803 0.26323 0.25116 
0.77071 -0.10559 0.60276 -0.60607 0.03459 -0.92697 -1.13268 -0.70492 1.30972 0.28362 -0.38512 0.85755 1.05652 0.36913 -1.03341 0.08891 -0.30210 -1.53238 -1.37622 0.65208 0.43290 0.25952 -1.13570 0.02721 
-0.13309 -0.71261 0.78695 -0.32363 -0.57529 0.60778 0.03012 0.31086 0.46681 0.91175 -0.84672 -0.75175 -0.27757 0.62790 0.00875 0.58030 0.19912 0.54594 -0.15107 0.33430 0.70400 0.84524 -0.88941 -0.39726 
-0.23254 -0.19662 0.69394 -0.13036 0.70825 0.03602 -0.35413 0.57306 -0.20053 0.58161 -1.49525 -0.32220 -0.06301 -1.18390 0.07981 0.09537 0.44771 0.26648 -0.35225 0.94003 0.66524 0.94502 0.49391 -1.04113 
0.69177 1.03537 1.66464 -0.90896 -0.38395 0.40955 -1.05663 -1.81415 1.30622 -1.01389 -0.04914 1.05068 0.74240 0.85659 -0.12580 -0.25126 0.36910 0.46533 1.68194 0.39900 -0.01959 -0.76201 -0.86291 -0.01693 
0.41980 -0.85326 -1.56761 -0.15247 -0.21117 -0.35399 1.55888 1.87772 -1.32447 0.59051 -0.93428 -0.67230 -0.32329 -0.37080 0.52241 1.53835 0.65423 1.08065 0.51688 -0.67896 0.07172 -0.44630 1.23698 -0.71572 
1.35452 0.60823 -0.96584 0.81663 0.48579 -0.36540 1.20804 2.04151 0.34345 -0.09188 -0.47187 -1.58108 1.57795 1.20180 0.94397 1.49770 0.06102 -0.32051 0.04894 0.71442 1.76801 -0.54723 -0.05497 0.00330 
-0.78191 -0.59928 -0.03156 -0.27716 0.56510 -0.51807 0.55855 0.37914 1.03748 -0.69733 -0.87995 -0.38068 -0.69433 -0.04037 -0.70697 -0.59370 0.42740 0.25806 -0.30813 -0.75719 -0.71701 0.38859 -0.51172 -0.87657 
0.51302 0.04231 1.76861 -0.35137 0.69023 0.72341 -0.09568 -1.69372 1.79193 -0.66481 -1.13490 -0.31833 -0.07104 0.51517 -0.76173 -0.84630 -0.37145 -0.07105 -0.77153 0.24000 -1.74760 -1.17944 0.70334 0.31844 
-0.23508 -0.92021 -0.31573 -0.17297 0.16063 1.76783 -0.62592 -0.08802 -1.69651 -0.04930 -0.05295 -0.49784 -0.34974 0.92750 0.20701 -0.13678 -0.39620 1.66798 0.90747 0.78374 -0.56137 -0.00558 -0.63663 0.77984 
-0.91055 0.17461 -0.18159 0.90230 -0.50507 -0.66232 -1.47468 -0.37568 0.82348 0.14769 0.88056 0.83355 1.33420 0.40410 0.14687 0.68538 0.35187 -0.10537 -0.82637 -0.12304 -0.45892 0.15019 -1.14398 0.62966 
-0.39497 0.95255 0.91777 0.77434 0.46259 -0.79372 -0.44256 -0.12922 -0.25563 0.14543 1.42875 0.74059 0.38805 0.81307 -0.25499 -0.47844 0.34648 0.20501 -0.66124 -1.49117 0.58038 0.03547 -0.34903 -0.01794 
-0.48615 -0.57443 -1.17090 0.42580 -0.39986 1.62196 -1.79817 -1.06994 -1.61520 0.11170 1.12661 -0.75367 1.41642 0.35411 0.42836 1.62904 0.86098 0.93480 -0.07790 -1.03623 0.85361 -0.00185 -0.94829 0.86187 
1.13390 1.86014 0.27896 -0.14589 0.14226 -0.72649 0.91677 0.64678 -0.41266 -0.25285 0.00982 -0.69214 0.83978 -0.04749 1.05228 -0.13631 -0.51808 0.30201 0.28037 0.22041 1.41326 -0.68361 -0.81405 -1.04540 
-0.12578 1.13319 0.79809 0.85845 0.29572 -0.00632 -0.84658 -0.12832 0.14821 0.32093 0.08122 -1.54104 -0.60435 0.40628 -0.18312 0.56697 0.25470 -1.43011 0.80917 1.21698 0.43143 -0.63458 0.12996 -0.74638 
-0.48417 -1.28871 -1.15176 -0.31070 -0.01596 0.13150 0.24043 -0.75584 0.14023 0.22113 -0.24501 0.33507 -0.85924 0.35468 -0.12019 0.61934 -1.16207 -0.67529 0.23784 -0.73934 -0.02682 0.85582 -0.59899 -0.14559 
-0.99608 -0.93781 -0.18646 0.18439 -0.20769 0.47338 0.19008 -0.72265 0.21563 0.38751 -0.06657 -0.65280 -0.16989 -0.69178 -1.19180 1.01852 -0.83287 0.25493 0.66875 -0.71664 0.66941 -0.11774 -0.25592 0.61555 
-0.10991 -0.75259 0.11293 -0.42701 0.02968 -0.22409 0.17432 -1.10226 -0.17818 -0.88747 -0.38455 1.16359 -0.30787 0.88650 -0.17915 0.57647 -0.71214 1.23769 0.63693 -0.03808 -0.94551 0.09383 1.02463 -1.19493 
0.54305 -1.80482 -0.09689 0.64263 0.50348 1.02367 -1.15711 -0.29798 1.19515 -0.52832 0.02581 0.77918 -0.31672 -0.11473 -1.27646 0.03035 -0.05550 -0.24658 -0.89213 0.66356 -0.30952 1.23854 0.61331 0.75210 
0.40105 -1.66690 0.73056 0.36860 -0.13099 0.75240 -1.15456 -1.32140 0.72929 -0.25995 0.78613 1.54613 1.07567 -1.18546 -0.00271 -0.23335 -0.41158 -0.55555 0.91918 0.26197 -0.60650 1.65555 1.43393 1.35663 
0.26818 0.60322 1.29195 0.06788 -0.30525 -0.27198 0.20112 0.30889 -0.99883 0.33989 -1.54829 0.97751 -0.66757 -0.52492 0.78876 -0.25839 0.91469 0.70169 1.15174 -0.26085 -2.11265 -0.99718 -0.73369 -2.88551 
1.37688 0.07856 0.32969 0.29935 0.44689 -0.31725 0.66431 -0.03776 0.38402 0.28300 0.28629 -1.22761 0.15807 -0.13489 1.23190 -1.32141 0.64741 0.62615 1.01236 -1.08031 0.83755 -1.13389 0.37254 -0.03693 
-0.79257 0.45067 1.21042 1.33254 -0.76949 -0.56349 -1.70000 -1.08111 -0.37088 -0.08951 -0.65806 -1.46335 -0.93967 0.62616 1.07380 -0.97514 1.33720 -1.66566 0.92935 -1.18414 0.08219 0.60318 -0.05618 0.29174 
0.12822 0.17059 -0.78209 -0.06800 -0.29637 0.17243 -0.34799 0.02159 0.83842 1.08696 0.67010 0.09920 -0.72426 -0.02209 0.66190 -1.23044 1.44299 1.51735 0.71079 -0.64204 0.33498 0.03915 -0.41307 0.65885 
-0.48536 0.01873 -1.16059 0.73605 0.63780 0.37600 0.25689 -0.22168 0.47463 0.40774 -0.26419 -1.09074 0.47343 -1.26209 0.30656 1.02271 -0.36542 -1.33479 0.72067 1.34703 0.75163 -0.01800 -1.36711 -1.73122 
0.80323 0.03176 0.74874 0.55751 -0.88201 0.83124 -0.04704 -1.10302 -0.62418 -0.71034 -0.55380 -0.40696 0.99637 -0.03007 0.68683 -0.50053 0.62502 0.66762 0.96971 0.37556 -1.60179 -0.14379 -0.91504 -1.56535 
-0.92387 -1.56341 1.20572 0.30764 -0.91098 0.22105 -1.61994 -1.15882 0.59952 0.39964 0.77484 0.69639 -0.46133 0.54900 -0.79256 0.03166 0.87082 -0.84879 -0.43262 -1.15063 0.37912 0.04464 0.18759 0.27793 
-0.85525 0.11832 1.33383 0.52970 -0.93016 -0.19839 -0.38382 -0.20645 0.79166 -0.08751 -0.91149 0.00477 -0.85740 -0.88537 1.03806 -0.06111 1.26062 -0.02436 -0.64666 1.22551 -0.78093 -0.95758 -0.92252 -0.75099 
-0.71190 -0.83647 -0.06532 -0.71837 0.39546 0.70424 0.19223 -1.00467 -0.25620 -0.20385 0.28857 -0.21845 0.31597 -0.26157 -0.13098 -1.05263 0.34926 -0.60268 0.97130 -0.28955 -1.01243 0.78426 0.18731 -0.25554 
-0.48104 -0.80033 0.61228 -1.02364 0.78278 -0.75214 -0.31754 -0.33384 0.71945 -0.99646 -0.88054 0.66656 0.40902 -1.20934 -1.07597 0.00884 -0.09877 -0.58997 0.62031 0.16183 -1.24480 0.60925 0.45572 0.69335 
0.63893 1.02263 -1.46445 1.21965 1.13125 0.79710 0.26572 -0.69431 0.91022 0.75372 1.11388 -1.21581 -1.20690 -0.49394 -1.07116 1.15921 0.46930 -1.24052 -0.10456 -0.75129 1.40828 -0.88125 0.36740 3.08905 
-0.22245 2.03071 -0.19559 1.30131 -1.11857 0.99659 -0.08164 -0.62599 -0.88744 -0.88394 0.36009 -1.34877 -0.25198 0.27722 -0.70029 1.68263 -1.07510 -0.78880 0.22387 1.64770 -0.36118 0.84883 0.05973 -1.59364 
-0.63957 -0.23560 -0.51306 -0.90889 -0.56438 0.04065 -0.24202 -1.09793 -0.75016 0.59049 0.33054 0.52795 -0.70271 -0.61551 0.22272 0.38916 -0.01149 -0.65395 -0.54623 -0.34110 -0.91954 -0.33227 -0.41242 0.65707 
0.46509 0.15092 -1.11261 0.04127 -0.80204 -0.03269 0.27947 -1.09267 -0.23270 -0.29386 -1.23723 -1.11347 0.35557 0.15124 0.55845 1.20635 -0.72497 -1.42388 -0.82741 2.25133 0.64149 -0.23317 -0.24284 -2.42199 
-0.75149 -1.39259 0.31788 -0.82025 -0.76756 0.12195 -1.08908 0.20822 0.97949 -1.11295 -0.68118 0.27422 0.78517 -0.82994 0.00582 1.44603 -1.11921 -1.20980 0.09631 0.35296 -1.05616 1.28254 0.85760 -0.01985 
-1.13864 -1.30612 -0.33232 0.25040 0.51200 -0.54118 -0.76105 -0.00847 -0.11172 0.51255 0.67575 0.62562 0.84058 -0.69621 -1.08296 0.20325 -0.73662 0.73769 0.66040 0.22332 -0.31903 -0.36294 0.79981 0.03904 
0.30899 -0.89589 -0.10488 1.48497 -0.94428 0.11205 -1.74319 0.03940 0.14762 0.44049 -0.41242 -0.80070 -0.21970 0.59384 0.05292 -0.70981 0.68678 -0.82951 -0.52679 0.02680 0.20519 -1.11461 0.14784 -0.10488 
-0.82304 1.31408 -2.89652 -0.45630 -3.42235 -2.37841 -4.09876 -0.78761 1.17548 3.64479 -0.13893 -0.67210 -0.84973 -1.22270 -0.23160 -2.17577 -2.84571 2.17952 -1.18563 0.26137 -3.90542 -3.08412 -3.17719 1.56200 
1.94429 -2.54430 -0.54829 -2.35036 0.00637 -3.03271 -5.77702 4.46088 0.99028 -3.22744 1.73062 -1.79627 2.60914 -3.46510 -0.06546 0.24070 -1.36013 -2.84518 -3.07089 -0.55290 -1.45767 -2.81094 -0.69628 -1.83129 
1.47513 1.22670 1.21924 0.84452 -1.86811 -1.60330 -3.52524 -4.37338 -2.08765 -1.26763 -1.98463 2.24387 -3.53975 -2.83700 -1.48324 -1.43623 0.00934 4.53100 2.23052 0.10259 2.55274 1.05968 -0.68472 -1.05722 
-0.97571 -1.95758 1.88543 1.47996 1.02002 2.51552 3.53405 -2.57330 -0.36994 -2.22487 1.33155 -1.72445 -1.42025 1.38281 -1.79582 0.26627 1.11883 1.93210 -2.24553 -0.22213 -2.23102 2.15469 1.60404 -0.72884 
-0.24631 -0.51607 0.10435 -0.58038 -0.10504 -1.01613 1.19973 0.92187 -0.26256 0.68875 -0.33923 0.33438 -0.85033 -0.99811 0.13439 -0.76345 -0.82851 0.62271 0.57536 -0.35082 -1.42076 -0.14865 1.03944 -0.96020 
-0.79864 0.00026 0.46256 -0.68522 -0.22229 -0.91063 -0.07194 -0.02320 0.48391 0.80328 0.25758 -0.76449 0.80019 0.66309 0.22781 0.05070 -0.34998 1.54647 0.27229 0.13942 0.31072 -0.86232 -0.36817 0.18745 
0.52873 -0.04558 -0.29948 -0.95667 -0.71308 -0.71191 -0.15718 -0.06839 0.19287 0.64674 0.62058 -0.08512 -0.07152 0.24514 -0.32158 0.07212 0.52187 -0.41931 -0.12683 0.24803 0.63761 -0.43101 -1.24515 -0.14104 
-2.78661 -0.41821 -1.44802 0.72039 
