5
20 24 24 24 4 
0.93967 0.63010 0.74025 -0.20755 0.74427 -0.09684 -0.50662 0.62277 0.09386 -0.19811 -0.50451 0.65768 -0.75794 0.39303 -0.97916 0.96303 -0.02419 0.39013 0.51755 0.39538 
0.44092 -0.67842 -0.32541 -0.98512 0.65993 -0.17896 -0.80488 -0.43238 0.68908 0.34588 -1.23671 0.38810 0.46464 0.59101 -0.38712 0.10517 -0.73205 0.04377 -0.98185 -0.39447 
-1.03312 -0.72262 1.27624 -0.60716 -1.03650 -0.60831 -0.67831 -0.60383 2.46865 1.18065 -1.45891 1.45219 -0.48662 -0.09474 -0.23286 0.81936 0.05698 -0.27679 0.78698 -0.42300 
0.92169 -0.66966 -0.50051 -0.88591 -0.61781 0.22981 -0.36578 -0.64820 -0.31343 0.90719 -1.10305 -0.13976 -0.28758 0.20247 0.36776 -0.55825 -1.17611 0.17261 -1.15326 0.34719 
-0.76454 -0.95043 -0.38266 -0.53613 0.37085 0.18259 -0.53097 0.77280 -0.65774 -0.78618 1.07994 -0.79442 0.41295 -0.66501 -0.55353 -0.34462 -0.12544 -0.67794 0.29035 0.85540 
-0.38899 1.17060 0.31016 0.93300 0.93617 0.48048 0.50706 0.40207 0.16772 -0.50568 -1.08710 -2.29633 -0.31551 -0.74003 -0.44193 -0.71970 -0.51000 -0.18697 0.63624 0.36871 
1.18022 1.87112 -1.26685 -0.88799 -0.48205 0.80234 -0.34019 0.06590 0.35762 -2.35158 1.82763 0.66137 0.30384 0.41629 -0.50809 -0.57645 0.08686 0.20624 1.29043 0.54495 
3.13631 -0.17215 -0.31591 -2.45970 0.73635 0.33516 0.14842 0.16049 -2.44077 0.30019 1.40988 1.65391 -0.60963 -0.49271 0.23985 -0.74683 0.44345 -0.83459 -0.15644 0.09597 
-1.29664 0.40265 0.43793 -0.43928 0.24789 -1.01603 0.03931 -1.15655 1.50473 0.70078 -1.74253 2.80328 0.55761 -0.20978 0.45109 -0.17272 -0.38302 0.43079 -0.74112 -0.45401 
0.93578 0.62028 0.57076 0.90476 -0.23490 -0.34199 0.29778 -0.22720 -0.73127 -1.29655 1.77275 0.38969 0.58133 0.02699 0.58549 -0.57354 -0.46386 0.88736 -0.04554 0.07962 
0.10978 -1.52725 -1.31451 0.85799 -1.03926 -0.30549 0.58244 -1.14627 0.25630 2.19480 -1.49925 -1.80497 -0.67402 -0.60039 -0.08977 -0.53142 -0.67310 0.72715 -0.51788 0.26554 
-1.27837 -0.96617 -0.30823 0.16977 -0.71149 0.23932 -0.33116 -0.95220 1.53775 0.07078 -0.75021 -0.35737 0.73903 -0.76665 0.11875 0.10255 0.41755 -0.63029 -0.42669 0.05630 
0.67132 -1.49434 2.31291 -0.90968 0.01266 -0.15309 -0.34007 -0.17993 -0.51668 0.24773 -1.99427 -0.81590 -0.64155 -0.09518 0.67623 0.13606 -0.96011 -0.43897 -0.47734 -0.44575 
0.23266 -1.55457 1.12986 0.28223 -0.61716 0.68851 -0.87117 0.52765 -0.31614 0.94332 -2.38528 0.02240 -0.67615 0.60218 -0.78862 -0.82732 0.08056 -0.97585 -0.08501 -0.82810 
0.37739 0.51758 -0.69697 0.77580 0.65381 -0.31709 -0.28016 1.11890 -0.88836 0.05164 0.81666 0.02643 0.78350 -0.04464 -0.14780 0.92340 0.32154 0.37012 0.17501 -0.07867 
0.91959 0.20250 -0.23323 -0.09218 1.15647 0.65542 0.14480 -0.60329 -1.79669 1.06009 0.84999 -1.03327 -0.58723 0.16000 0.82363 -0.56674 0.14714 0.55503 0.40443 -0.25051 
0.40337 -0.97926 -1.01169 0.46559 -1.10562 -0.66268 -0.91910 0.38971 -0.76887 1.57357 2.01124 -0.46896 0.06754 0.55502 -0.88504 -0.24923 0.15020 0.40713 0.02181 -0.36281 
0.83912 0.30284 -0.61870 1.16646 0.69181 0.42269 -0.37755 0.59865 0.58645 -1.61562 1.29268 -0.67764 -0.09305 0.50431 0.58019 0.93364 -0.89617 0.53386 -0.11548 -0.40530 
-0.70136 1.79888 -1.17966 0.65139 0.88224 0.41078 0.19389 0.04570 1.17813 -2.43171 0.67746 -0.94109 -0.00427 0.52748 0.09240 -0.94119 0.74005 -0.57910 0.08417 0.59687 
-0.31863 2.06881 1.11855 -0.81000 0.16817 0.84128 0.07382 0.25760 1.15654 -2.23481 -1.16044 0.44285 -0.71393 0.29376 0.33529 0.50092 -0.15678 0.91482 -0.19039 0.35249 
1.64274 0.54227 1.43337 -0.48518 0.91137 0.37829 0.53235 -0.17430 -2.08872 0.04511 -2.36461 0.26573 0.22018 -0.21270 -0.08061 -0.63779 -0.15236 -0.67575 0.62150 0.97166 
0.17825 0.74626 -1.18597 0.05440 -0.92341 0.56585 -0.97771 -0.65053 -0.31181 -0.46440 2.44801 -1.09137 -0.90291 -1.00371 -0.23153 0.76891 -0.13322 -0.83626 0.34210 -0.16652 
-0.56024 1.51103 0.13719 -0.78348 0.73357 0.34632 0.57136 0.10953 -1.09141 -1.50047 1.59499 0.14043 -0.75561 -0.96093 0.93354 -0.06733 0.69183 0.57524 -0.66866 -0.33163 
-0.11461 -0.66242 -0.03325 -0.66894 -0.30358 -0.54045 -0.15313 0.12063 0.92227 0.98535 -1.28152 -1.49548 0.14815 -0.36786 -0.28343 -0.89189 -0.39262 0.28262 -0.96502 0.00571 
-0.06842 0.35374 -1.00353 0.93894 0.63188 0.74408 0.76660 0.64263 0.84339 -0.35433 -0.17096 0.05918 -0.36561 -0.01384 0.21998 0.64175 -0.89643 0.29156 -0.21936 0.06488 1.02027 -0.55734 0.62808 -0.71930 
-1.14562 0.08046 -0.05411 -1.14777 -0.41470 0.23369 0.99565 -1.03740 0.31356 0.96197 -2.05825 0.37497 0.02688 -1.09650 -0.47612 -0.46698 -1.40379 0.31628 1.55085 1.46620 -0.53469 0.75611 1.36510 -0.69712 
-1.05867 -0.32499 -0.41057 0.28554 1.07770 -1.74019 -0.25627 1.58924 0.89861 0.41553 -0.94541 0.46845 -0.89773 -0.23435 0.39660 -0.08563 1.00524 0.05290 -0.40720 -1.63708 -0.58875 1.18205 -0.67765 0.33894 
0.15393 -0.31504 -0.85766 0.23164 0.19271 -0.88799 0.58765 -0.85663 -1.47143 0.62433 0.47992 0.54589 -0.23841 -1.06118 0.79092 0.25853 1.46680 -0.07785 0.94903 -0.24847 -1.81008 0.40642 -0.27614 -1.18471 
0.97854 -0.65548 0.19295 0.63500 -0.59132 0.57404 -0.47285 -0.18609 -0.29030 0.41567 0.42614 -0.61058 0.97181 -0.09268 0.69889 0.68052 -1.15099 -0.79998 1.13005 0.27972 0.82669 -1.25331 -0.31646 1.22611 
-0.74571 -0.40872 -0.51330 0.35277 -0.37366 0.47385 -0.18848 -0.86836 -0.71683 -0.89198 0.28544 -0.59914 -0.16994 -0.53704 -0.44648 0.01833 -0.07830 0.43650 -0.97594 -0.40633 -0.55910 0.81734 0.42739 -0.33060 
0.24852 0.89015 0.66289 1.18163 0.31560 1.39719 0.89767 0.07393 0.46787 -0.31792 -1.32768 -0.02751 0.97306 1.24825 -0.72520 -1.01622 -1.18541 0.45292 -0.15789 1.99723 0.86318 -1.56007 -0.50998 -0.34900 
0.96099 0.19178 -1.06716 -0.45765 -0.37621 -0.40284 0.84175 0.92849 -0.20775 -0.49895 -0.05358 -0.11740 -0.04430 0.65981 -0.21587 -0.07272 -0.90416 0.74170 0.00772 -0.45115 1.54049 -1.14028 0.30115 0.27170 
-0.43194 -0.38228 0.28097 0.24291 0.57812 0.63098 0.30550 -1.17884 0.21752 -0.60750 1.27722 -0.78697 -0.74251 1.16898 -0.04378 0.34000 0.05684 -1.12854 -0.85341 -1.16996 0.33570 0.57599 -0.85646 -0.08496 
0.85033 -0.91655 -0.38154 0.03226 -0.36345 0.95455 0.24291 1.06253 -0.95572 0.02219 -0.69417 0.12190 1.01943 -0.07579 -0.83235 0.53996 0.58265 0.77531 -0.87891 0.54702 -0.13616 0.57278 -0.44067 0.81816 
0.18295 -0.47795 0.07224 1.00625 0.83719 1.39081 0.05752 0.28265 -0.84332 -0.84116 0.64300 -0.00456 -0.30323 -0.33436 0.09823 0.81666 -0.53249 0.75583 -0.79888 -0.80868 0.56830 -0.48070 -0.02216 0.33041 
-0.64098 0.36355 1.35053 0.96253 -1.02354 0.19061 -0.69540 1.57678 -0.35903 -1.21427 0.43650 0.60059 1.65878 -0.04145 -0.42784 -0.01393 0.27190 -1.02298 -1.79950 -0.40755 1.12316 -1.04859 0.25206 0.25151 
0.77469 -0.10517 0.60440 -0.60676 0.03468 -0.92564 -1.12825 -0.70183 1.31383 0.28801 -0.38622 0.85796 1.05608 0.36906 -1.02942 0.09011 -0.30249 -1.52860 -1.37203 0.65679 0.43548 0.25984 -1.13065 0.02675 
-0.13878 -0.71281 0.78534 -0.32346 -0.57632 0.60253 0.02428 0.30702 0.46504 0.90572 -0.84822 -0.75289 -0.27755 0.62663 0.00237 0.57599 0.19769 0.53974 -0.15694 0.33017 0.69994 0.84390 -0.89459 -0.39738 
-0.23843 -0.20261 0.68479 -0.14711 0.70105 0.03685 -0.35248 0.56244 -0.20503 0.58156 -1.52906 -0.32981 -0.06748 -1.20199 0.06964 0.08681 0.42477 0.26550 -0.34027 0.96622 0.66274 0.93652 0.50963 -1.04981 
0.60485 1.03513 1.67147 -0.90777 -0.40654 0.31572 -1.14585 -1.89448 1.31481 -1.09847 -0.04520 1.05169 0.73601 0.84880 -0.21231 -0.32792 0.36905 0.37029 1.58603 0.31245 -0.10617 -0.77639 -0.95064 -0.01642 
0.42087 -0.85302 -1.56768 -0.15201 -0.21045 -0.35345 1.56029 1.87926 -1.32421 0.59215 -0.93347 -0.67177 -0.32286 -0.37043 0.52393 1.53970 0.65487 1.08163 0.51790 -0.67875 0.07317 -0.44600 1.23824 -0.71551 
1.35532 0.60827 -0.96528 0.81663 0.48598 -0.36441 1.20905 2.04155 0.34361 -0.09110 -0.47178 -1.58070 1.57795 1.20193 0.94479 1.49785 0.06108 -0.31944 0.04994 0.71540 1.76813 -0.54678 -0.05425 0.00336 
-0.78636 -0.59975 -0.03145 -0.27891 0.56404 -0.52337 0.55466 0.37474 1.03900 -0.70106 -0.88263 -0.38120 -0.69544 -0.04221 -0.71111 -0.59875 0.42616 0.25393 -0.31110 -0.75967 -0.72281 0.38834 -0.51424 -0.87750 
0.51279 0.04389 1.77593 -0.35107 0.68765 0.71674 -0.09468 -1.69523 1.80249 -0.66541 -1.13613 -0.31674 -0.07179 0.51401 -0.76406 -0.85403 -0.37267 -0.07213 -0.77324 0.24209 -1.75253 -1.17911 0.70289 0.31813 
-0.23127 -0.91616 -0.31506 -0.15829 0.16808 1.77833 -0.62763 -0.08068 -1.71065 -0.05014 -0.03281 -0.49399 -0.34109 0.93737 0.21051 -0.12157 -0.38503 1.66914 0.90031 0.77122 -0.55404 0.00198 -0.64542 0.78788 
-0.90539 0.17469 -0.18050 0.90205 -0.50385 -0.65684 -1.47084 -0.37183 0.82441 0.15236 0.88304 0.83430 1.33408 0.40604 0.15298 0.69048 0.35404 -0.10010 -0.82183 -0.12063 -0.45497 0.15121 -1.13983 0.63006 
-0.37856 0.95617 0.92415 0.78389 0.47041 -0.78076 -0.43352 -0.11171 -0.25214 0.15702 1.45396 0.74575 0.39053 0.82785 -0.23431 -0.46101 0.36474 0.21897 -0.65683 -1.50107 0.59267 0.04308 -0.34887 -0.01228 
-0.51543 -0.56609 -1.15729 0.45019 -0.40057 1.57975 -1.82076 -1.09409 -1.60858 0.08537 1.16139 -0.74618 1.42775 0.36802 0.40076 1.59787 0.88261 0.89078 -0.12556 -1.08792 0.82150 0.00282 -0.99278 0.87625 
1.14147 1.86196 0.28013 -0.14504 0.15008 -0.72649 0.92397 0.65446 -0.41141 -0.24475 0.01731 -0.68930 0.84093 -0.03980 1.05899 -0.13446 -0.51002 0.31008 0.28057 0.22081 1.41984 -0.68312 -0.81197 -1.03868 
-0.15626 1.12323 0.78119 0.83020 0.26728 -0.00782 -0.86998 -0.16060 0.13665 0.28636 0.04938 -1.54452 -0.60351 0.37341 -0.20900 0.55260 0.21400 -1.46962 0.80442 1.21773 0.39660 -0.63649 0.11462 -0.77604 
-0.47852 -1.28678 -1.15037 -0.30909 -0.01006 0.13158 0.24561 -0.75022 0.14165 0.22735 -0.23933 0.33673 -0.85849 0.36075 -0.11515 0.62167 -1.15565 -0.66880 0.23809 -0.73852 -0.02126 0.85628 -0.59694 -0.14071 
-0.99093 -0.93705 -0.18457 0.18607 -0.20241 0.47349 0.19426 -0.71746 0.21755 0.39323 -0.06113 -0.65160 -0.16939 -0.68619 -1.18760 1.02043 -0.82700 0.26089 0.66901 -0.71612 0.67463 -0.11725 -0.25340 0.62069 
-0.11597 -0.75125 0.11453 -0.42817 0.02275 -0.22403 0.17071 -1.10865 -0.18022 -0.89561 -0.39729 1.16072 -0.30580 0.88184 -0.18233 0.58154 -0.71693 1.23333 0.63845 -0.03329 -0.95720 0.09306 1.02126 -1.20926 
0.55389 -1.79864 -0.09566 0.64849 0.51442 1.02400 -1.14990 -0.28718 1.19748 -0.51715 0.03681 0.77445 -0.31682 -0.10249 -1.26653 0.03565 -0.04348 -0.23407 -0.89152 0.66500 -0.29604 1.23794 0.61239 0.76264 
0.37818 -1.66035 0.71847 0.36873 -0.15451 0.75238 -1.17709 -1.34521 0.72041 -0.28596 0.76186 1.52168 1.07098 -1.20702 -0.01906 -0.23368 -0.43764 -0.57987 0.91864 0.26392 -0.62086 1.65014 1.41130 1.33349 
0.27433 0.60058 1.29357 0.06408 -0.31481 -0.27186 0.19441 0.31694 -1.00623 0.33916 -1.55195 0.96697 -0.67668 -0.53060 0.78762 -0.27839 0.90431 0.69189 1.15301 -0.27564 -2.11795 -1.00022 -0.74538 -2.88058 
1.37800 0.07919 0.32990 0.29951 0.44813 -0.31724 0.66544 -0.03670 0.38422 0.28422 0.28730 -1.22710 0.15854 -0.13363 1.23302 -1.32051 0.64865 0.62749 1.01242 -1.07985 0.83845 -1.13374 0.37284 -0.03622 
-0.83877 0.41279 1.19894 1.31189 -0.81744 -0.56441 -1.74575 -1.12786 -0.37990 -0.13675 -0.69722 -1.46763 -0.94272 0.57605 1.03108 -0.99802 1.28097 -1.72074 0.92573 -1.19074 0.03832 0.60143 -0.06931 0.26276 
0.13181 0.17469 -0.78170 -0.06738 -0.29274 0.17244 -0.34355 0.02497 0.83856 1.09069 0.67234 0.09949 -0.72351 -0.01802 0.66578 -1.22723 1.44699 1.52156 0.71110 -0.63956 0.33806 0.03919 -0.41271 0.65902 
-0.51926 -0.00935 -1.16192 0.72310 0.60662 0.37584 0.22818 -0.25666 0.47310 0.37276 -0.29851 -1.08965 0.47678 -1.29290 0.27678 1.02710 -0.39791 -1.36624 0.72063 1.35616 0.71309 -0.01786 -1.36781 -1.75633 
0.80032 0.02994 0.75398 0.55411 -0.89004 0.83133 -0.05048 -1.10544 -0.62662 -0.71758 -0.56801 -0.40863 0.99773 -0.03480 0.68423 -0.50119 0.62015 0.66284 0.97209 0.37626 -1.61774 -0.14452 -0.91741 -1.57971 
-0.93300 -1.55904 1.19973 0.30920 -0.92103 0.22110 -1.63027 -1.16865 0.59462 0.38941 0.76475 0.68373 -0.46406 0.54073 -0.79804 0.03088 0.86003 -0.85877 -0.43280 -1.15024 0.37500 0.04167 0.17508 0.26875 
-0.87831 0.10153 1.33299 0.52185 -0.95456 -0.19850 -0.40502 -0.22976 0.78808 -0.11242 -0.93711 0.00265 -0.85630 -0.90849 1.01800 -0.06401 1.23617 -0.04832 -0.64626 1.22728 -0.80893 -0.95841 -0.92710 -0.77130 
-0.72246 -0.84254 -0.06655 -0.72085 0.38472 0.70419 0.18262 -1.01513 -0.25800 -0.21541 0.27701 -0.22102 0.31600 -0.27187 -0.14004 -1.05297 0.33848 -0.61333 0.97145 -0.28890 -1.02409 0.78360 0.18416 -0.26463 
-0.48280 -0.80034 0.61154 -1.02412 0.78102 -0.75217 -0.31894 -0.33565 0.71882 -0.99837 -0.88241 0.66582 0.40895 -1.21112 -1.07730 0.00865 -0.10077 -0.59190 0.62024 0.16192 -1.24637 0.60905 0.45465 0.69155 
0.67447 1.06266 -1.47206 1.23262 1.16395 0.79705 0.29683 -0.65814 0.90757 0.79429 1.15517 -1.22406 -1.21580 -0.46345 -1.03829 1.15183 0.49881 -1.20992 -0.10647 -0.75851 1.45991 -0.88311 0.35998 3.10757 
-0.24351 2.01504 -0.19477 1.29443 -1.13770 0.99664 -0.09610 -0.64838 -0.88812 -0.90430 0.33653 -1.34768 -0.24841 0.26017 -0.71667 1.69436 -1.09323 -0.80530 0.22499 1.66103 -0.38492 0.84894 0.05999 -1.61608 
-0.64409 -0.23912 -0.51369 -0.91026 -0.56874 0.04062 -0.24623 -1.10247 -0.75056 0.58587 0.32653 0.52748 -0.70275 -0.62000 0.21859 0.38837 -0.01619 -0.65858 -0.54637 -0.34106 -0.92394 -0.33239 -0.41307 0.65417 
0.45560 0.15006 -1.10456 0.03813 -0.81088 -0.03231 0.27995 -1.10427 -0.23237 -0.30475 -1.26177 -1.11035 0.36413 0.14842 0.55555 1.23193 -0.72737 -1.42440 -0.82313 2.27409 0.61870 -0.23261 -0.23966 -2.45177 
-0.75149 -1.39259 0.31788 -0.82025 -0.76756 0.12195 -1.08908 0.20822 0.97949 -1.11295 -0.68118 0.27422 0.78517 -0.82994 0.00582 1.44603 -1.11921 -1.20980 0.09631 0.35296 -1.05616 1.28254 0.85760 -0.01985 
-1.13554 -1.30331 -0.33270 0.25184 0.51529 -0.54111 -0.75843 -0.00547 -0.11170 0.51571 0.67866 0.62459 0.84090 -0.69269 -1.07964 0.20525 -0.73312 0.74132 0.66056 0.22402 -0.31540 -0.36317 0.79874 0.04147 
0.25990 -0.93559 -0.11040 1.47238 -0.99335 0.11181 -1.79116 -0.01005 0.14258 0.39084 -0.45530 -0.80551 -0.22118 0.54442 0.00837 -0.72219 0.63503 -0.88072 -0.52818 0.02461 0.15844 -1.11589 0.13998 -0.13495 
-0.72767 1.42872 -2.90898 -0.47331 -3.45571 -2.45982 -4.17248 -0.81161 1.26111 3.70216 -0.05289 -0.67903 -0.86358 -1.28657 -0.22779 -2.19321 -2.84885 2.30747 -1.20898 0.25901 -3.94916 -3.08412 -3.20762 1.56330 
1.94796 -2.54893 -0.56608 -2.36505 -0.04629 -3.08260 -5.84138 4.39277 0.96868 -3.28651 1.71678 -1.90962 2.55464 -3.52501 -0.13528 0.22720 -1.36527 -2.83248 -3.22388 -0.56222 -1.62630 -2.81094 -0.72367 -1.87973 
1.55105 1.53383 1.20663 0.83099 -1.87171 -1.72767 -3.66163 -4.19706 -1.99767 -1.26817 -1.90129 2.44783 -3.47207 -2.94990 -1.43083 -1.46605 0.00050 4.55612 2.41790 0.09383 2.76997 1.05968 -0.73371 -1.09735 
-0.99049 -1.97246 1.88840 1.48422 1.02634 2.54117 3.56258 -2.59745 -0.37996 -2.22243 1.32021 -1.73134 -1.43175 1.40927 -1.79840 0.27151 1.12112 1.94511 -2.24870 -0.22101 -2.23782 2.15469 1.61391 -0.71854 
-0.21164 -0.53004 0.06181 -0.55791 -0.11553 -0.96794 1.22342 1.02300 -0.31456 0.69366 -0.33132 0.29539 -0.84861 -0.99762 0.14647 -0.68160 -0.86470 0.62521 0.58035 -0.31366 -1.29139 -0.22630 1.02488 -0.94443 
-0.81997 0.01805 0.40958 -0.74221 -0.19743 -0.90908 -0.05293 -0.04566 0.50816 0.77596 0.25148 -0.77178 0.80453 0.65625 0.21238 -0.03576 -0.34820 1.54748 0.26748 0.13945 0.31896 -0.85611 -0.34461 0.17219 
0.53680 -0.08519 -0.29300 -0.95073 -0.71749 -0.69940 -0.18150 -0.07795 0.19422 0.59167 0.62479 -0.11684 -0.07620 0.23516 -0.34556 0.06147 0.51994 -0.38871 -0.14373 0.24340 0.63658 -0.43101 -1.24152 -0.19224 
-2.69788 -0.40964 -1.37986 0.70999 
