4
8 24 24 4 
-1.69001 -0.08417 0.64490 0.79042 0.97952 1.06556 1.62912 0.89879 
-0.82745 1.86346 0.05776 0.91844 -0.74146 0.04972 -1.46068 1.81992 
2.42834 -1.39620 -1.58298 -1.89949 0.35364 0.24249 -4.17323 0.27104 
-1.28749 1.24168 -1.31849 -0.41539 -0.63545 -0.09504 -0.10480 1.61055 
-0.19962 0.07936 1.52603 0.07041 1.19757 -0.06479 0.24562 0.42509 
-1.35609 4.46622 -1.38227 -1.91569 -0.28542 0.01284 -0.54101 -5.64178 
0.11887 -0.31243 0.37814 -0.12863 -0.15516 0.08560 -0.21982 -1.04187 
1.01227 0.22557 -1.09064 -1.67324 -0.65480 -0.47209 1.16664 -1.98142 
1.09945 0.44552 1.01309 -3.46527 1.11054 5.24755 1.35569 1.04772 
1.74282 0.50799 -1.17755 -0.77293 -0.55610 -0.91304 -2.51321 0.17997 
0.04960 0.41894 0.94845 -0.97651 -0.59349 -0.26507 -0.79980 -0.83019 
-0.00212 0.06006 -1.54770 -0.56733 -0.18566 1.92898 -0.11836 -0.09897 
-0.63452 0.98644 0.17475 -0.89241 0.64765 1.71127 -1.19234 0.15138 
0.31893 0.83341 -0.02840 -0.56699 -0.02232 -0.41566 -0.70891 -1.61745 
-0.71984 1.46704 -1.05309 0.56913 -0.79621 -0.39186 -0.66846 1.10698 
0.19861 -0.18279 -0.32683 -0.95590 0.78998 -1.01743 -0.12507 0.01559 
0.95057 0.63927 -0.74445 0.69803 -1.48433 0.16025 0.02206 0.54291 
0.58429 0.55591 1.84926 -1.12965 -3.69624 -0.58079 -0.18781 0.18870 
1.23776 0.76247 0.69579 -1.08993 -1.75367 -0.22068 0.66263 0.89257 
0.97529 1.50818 -3.12637 1.58842 3.82813 0.29218 0.02370 0.98002 
-1.05050 0.27861 -0.10808 -0.39589 -0.10543 0.58233 -0.63000 0.15786 
-3.59187 0.96326 1.49199 2.54022 0.38673 0.58889 3.68186 1.24021 
-0.86236 2.69291 0.00769 -1.09568 0.15981 -0.34604 -0.13601 -3.17317 
-0.57333 -1.58286 -0.71199 0.34665 -1.13966 2.15329 -0.37030 -0.63202 
-0.53876 0.99456 1.34371 0.14037 1.41701 0.64839 -0.20930 1.15609 -1.60578 -0.29396 0.65814 -1.06675 -0.69286 1.00093 -0.23789 -0.07970 1.26651 2.11966 0.15784 -1.44515 0.07216 -0.30987 1.18227 -0.34453 
1.02718 -0.41433 0.76149 -1.03257 0.47415 -1.08744 -0.22310 -0.65546 -0.83322 -0.72137 -0.25943 -0.12989 0.70826 -0.06216 0.08085 0.64575 -1.26472 -0.55878 -1.02441 1.68558 0.69634 0.82298 0.41803 -0.66009 
0.72200 -0.63728 -2.08517 0.30275 0.05995 -0.36233 -0.66528 1.16637 -0.72628 -1.14142 -0.15127 0.85242 -0.37687 -0.03841 -0.45985 -0.03119 1.08729 1.22898 0.01490 0.15287 -0.55902 1.39207 -0.48640 -0.01785 
-1.08554 1.04946 -0.07549 0.74296 -0.22189 -1.18098 -0.53190 -0.82646 0.63577 -0.18264 0.83176 0.63557 0.46322 0.56661 0.10172 -0.15819 1.11796 2.10741 1.16469 -2.15901 0.12519 -1.01328 -0.09679 -0.13462 
0.65229 0.28826 1.29072 -0.26948 -0.28858 1.14190 0.12173 0.93721 0.34087 0.76348 0.56159 -0.66015 -0.13814 -0.13495 -0.04697 0.38733 0.34330 2.18815 0.00969 -1.66382 0.23254 -0.56018 1.08863 0.92610 
1.03289 -0.23636 0.25993 1.13644 0.37154 -4.20515 1.17981 -1.04729 0.46587 -0.00151 0.39311 0.40417 0.29515 -1.24801 0.87698 0.64137 -0.12050 0.93425 0.79222 0.39321 0.58203 0.50237 -1.45778 -0.17260 
0.66391 -0.66788 -1.14950 -0.02882 0.41178 1.22810 -0.82786 0.24110 -0.12298 -1.45780 0.10553 1.36677 -0.82381 0.08180 0.10632 -0.47242 -0.74110 0.47436 0.62741 0.33922 0.10846 0.75050 -0.24932 0.06900 
0.08777 -0.03273 0.39297 0.75172 0.10606 0.46193 -0.81891 0.15899 0.52981 0.86231 0.60587 -1.01961 -0.72792 -0.52460 -0.64447 0.01976 -0.13680 0.31053 0.50831 0.34315 -0.72638 0.47862 -0.48054 0.55404 
-0.84232 0.36199 1.61321 0.23144 -1.16645 1.09655 -0.03651 0.58467 -0.65225 1.25209 0.03568 -0.38768 -0.39787 -0.21750 0.76832 -0.42090 0.01617 -0.42222 0.17960 0.21638 -0.51510 -1.29695 1.03695 -0.93388 
-1.14119 -1.35325 -0.18156 -0.44452 -0.93562 -0.03508 -0.43561 -0.24930 1.07813 0.58384 0.46805 0.11704 0.68217 -0.08087 -0.62036 0.26865 -1.85120 -1.16670 -0.62348 0.82340 0.14716 0.25650 0.03811 0.10017 
-1.06420 -0.57885 0.34769 -1.10019 -0.20197 -1.05851 -0.69321 -0.25905 -0.55341 0.64287 -0.65050 0.43825 -0.05186 0.55304 -0.05923 -0.09481 0.17137 -0.65734 -0.59325 -0.38195 0.81216 0.23951 -0.62630 0.21245 
-0.33050 -1.46104 0.20309 0.54530 -1.04121 -0.12782 0.05685 -0.43857 1.22311 -0.53039 -0.10616 0.44701 -1.13870 -1.37958 0.57744 -0.28885 -0.50379 -0.53492 -0.78826 -0.41828 -0.91519 0.27430 0.23165 0.25653 
0.37593 1.40800 0.33235 -1.67727 -0.82649 3.64760 0.74272 0.26205 -0.58775 -0.56041 1.07327 -1.15444 -0.35034 1.46677 -0.79007 0.36651 0.14393 1.27676 -0.65021 0.27598 -0.97886 -1.98036 2.22576 1.03641 
0.27371 1.00192 0.35393 1.07813 1.12343 0.94424 0.81697 0.91273 0.27757 0.53619 -0.44632 -0.71049 0.20373 0.14497 0.01624 1.06266 0.40758 -0.25602 0.99937 -0.52236 0.96598 1.12383 0.87270 0.43610 
-0.93938 0.24824 0.36797 0.33231 -0.32476 1.89247 -0.91222 -0.28854 2.61608 0.40501 0.77970 1.67432 0.53875 -0.18336 -1.23717 -0.65419 0.14094 -0.73107 -0.30616 -0.04513 -0.48037 -1.27972 1.36271 1.15157 
-1.64235 -0.12651 2.37743 0.17425 0.07823 -0.07100 0.30402 -0.92191 0.22007 0.84193 1.02021 0.00427 0.81304 -0.23837 -0.33163 -0.53948 0.47940 -0.64867 0.21181 1.13074 0.44072 -2.92197 -1.05335 -0.31141 
-0.27810 -1.80526 -1.77242 -0.31092 -0.15181 0.07343 -0.31554 -0.48437 -1.10239 -0.55716 -1.10139 0.46097 0.53489 -0.71635 -0.02275 1.15949 -1.17112 -1.30311 0.06084 1.39672 0.80229 0.78902 -0.26262 -0.33773 
-0.02951 0.74431 0.18153 0.33605 0.11550 -0.62083 -0.43969 0.57652 -0.63532 0.14741 0.82294 -1.15473 -0.76236 0.81326 0.10643 0.82292 0.00276 -0.78468 0.83688 1.23380 -1.03043 0.99890 -0.76381 -1.30666 
0.27602 -0.61074 0.15153 0.05949 -0.81032 -0.18065 0.97278 -0.89693 -3.04354 0.70853 -0.69130 -1.36201 -1.27777 0.33960 0.67756 -0.21954 0.55163 0.59630 -0.61571 0.68961 -0.11001 1.22172 0.81890 -1.72674 
-0.87679 0.58998 0.74666 0.49362 -0.72765 -0.24418 0.33844 -1.34796 0.55347 1.28768 0.81707 0.64413 -0.80984 0.34342 -0.82823 -0.14949 0.01569 0.56870 -0.51344 0.72893 -0.21851 -1.16207 -0.44525 0.54058 
1.06735 1.02404 -0.12075 -0.10850 0.91066 -1.71746 -0.86686 -0.16238 0.47387 -0.12128 -0.94795 0.36020 -0.72093 -1.08257 -0.21740 -0.22895 1.26657 0.71675 -0.02369 0.62519 -0.05780 0.77768 -1.44581 0.78937 
0.80831 0.22240 0.37193 0.41636 0.74369 -1.33101 -0.94843 0.70379 -0.39382 -0.28211 0.22299 -0.03944 0.93702 -0.72038 0.35083 0.25849 -1.06336 -0.71640 0.22692 -0.20850 0.97036 -0.65703 -0.45671 -0.36290 
0.21382 -0.03353 0.57869 -0.53215 0.16476 -0.99690 0.13152 -0.85152 1.13531 -1.00532 0.40216 0.68339 -0.75454 -0.72453 -0.35556 -1.25716 0.92085 -0.26004 1.25694 -1.29222 -0.64760 0.64425 0.25596 0.01278 
0.24701 0.23409 0.55413 0.35276 0.04613 -0.96007 -0.16544 0.51243 -1.66290 -0.15181 -0.18894 0.24564 0.08305 -0.16402 -0.28665 0.93596 0.83978 0.13907 -0.65436 0.70410 -0.56525 0.14974 0.53897 -0.49848 
-4.20952 0.77038 -3.72630 -0.45829 -1.38436 3.80012 -3.87551 0.83126 1.72028 2.63101 1.30253 1.29852 -3.93755 0.25653 2.25335 6.91817 -0.44734 -0.27854 -3.30644 3.51960 1.12632 0.73027 0.77596 0.61990 
-2.60991 -0.70379 1.75976 -2.27650 -1.36246 -5.40140 5.14209 0.12575 2.09767 2.06652 -0.14420 1.40257 3.51529 1.65096 5.84764 -3.80855 3.95111 0.92666 -3.78355 -2.29583 -2.76452 -0.78778 -2.40701 -1.94902 
-1.75863 -1.65860 2.30648 3.14095 0.56777 2.83788 0.66155 -0.59994 -4.30790 -0.37109 0.05278 1.11142 -5.02571 -0.65921 -0.96796 -4.00105 -0.48001 -2.06764 -3.24845 -1.50816 1.56893 0.55434 3.68351 -2.47997 
-1.00043 1.07752 1.48047 -1.80253 -2.74612 2.01948 0.43835 -0.55292 -1.09820 0.49883 -0.21512 0.09107 -2.99795 -1.12256 -3.42816 -1.99524 2.35949 1.61213 2.48784 -0.69160 0.52200 0.89845 -0.64913 1.21945 
1.29987 1.36636 -0.82578 -1.13292 1.26702 -0.46324 0.16637 -1.01473 -0.54886 -0.89431 0.12962 -2.32805 -0.97717 0.08231 -1.22206 -1.05805 2.02888 0.51850 -1.34373 0.67830 -0.53024 0.52371 -1.13523 -1.31327 
0.67684 0.53246 -0.38252 -0.73983 -0.25548 1.48056 0.16942 -0.94733 0.32362 -0.09789 -1.11641 -0.05424 -0.28294 0.21472 1.02112 -0.50334 -0.52331 -0.41698 1.05585 -0.50561 0.86186 -0.26127 -0.78685 -0.24259 
-0.68443 1.99445 -0.05779 -0.24508 
