3
8 5 4 
-0.35445 1.38353 0.54801 -0.10151 -0.35262 0.70467 0.62920 -2.05426 
-1.59026 0.81360 0.55199 1.55263 0.29966 -0.93255 3.32087 0.04763 
1.33411 0.08037 -1.09344 -0.24893 1.24297 0.68366 -1.28059 -0.35763 
-0.92349 -0.32617 -1.08142 0.00771 0.85428 -0.42893 -0.14792 -0.91671 
1.11989 -1.83510 1.14020 1.79767 -0.47606 -0.48157 -0.21961 3.29029 
-1.71609 -1.52037 0.30384 0.47789 1.79650 
0.93294 1.72960 -0.78401 1.14975 -2.00071 
-0.68372 0.84614 -2.34437 -0.71301 1.49153 
-1.27026 2.14862 -0.92314 -0.39690 1.46151 
-0.95563 0.12433 -1.17248 -0.47227 0.66369 
0.36875 0.20351 -0.86578 -2.21744 
