4
8 24 24 4 
-1.60162 -0.07325 0.66249 0.79036 1.08561 1.15833 1.73237 0.95090 
-0.85031 1.87761 0.04320 0.96716 -0.77336 0.02412 -1.46829 1.79579 
2.40411 -1.35071 -1.56719 -1.90340 0.36608 0.20815 -4.22952 0.22770 
-1.30025 1.25720 -1.29487 -0.45646 -0.71421 -0.10694 -0.13933 1.66143 
-0.19895 0.08565 1.50620 0.09883 1.20299 -0.05773 0.24869 0.43966 
-1.35886 4.42541 -1.39246 -1.92786 -0.39347 -0.01243 -0.54136 -5.73096 
0.12176 -0.25158 0.48599 -0.11564 -0.08876 0.13030 -0.21124 -0.92286 
0.96328 0.22073 -1.11133 -1.62261 -0.67364 -0.47318 1.15553 -2.00838 
1.10125 0.46425 1.05539 -3.57520 1.12868 5.42066 1.53938 0.94982 
1.75227 0.53989 -1.17243 -0.77909 -0.52767 -0.90831 -2.50321 0.19572 
0.05810 0.46012 0.97746 -1.01154 -0.59420 -0.28717 -0.81317 -0.85677 
-0.03379 0.00773 -1.57274 -0.62381 -0.30829 1.83772 -0.16841 -0.15441 
-0.67345 0.96363 0.19761 -0.96682 0.55537 1.65017 -1.24445 0.14998 
0.29245 0.86802 -0.05585 -0.42088 0.08545 -0.33524 -0.63984 -1.64520 
-0.70725 1.50187 -1.04229 0.53760 -0.83530 -0.41195 -0.72122 1.10440 
0.18726 -0.20701 -0.31000 -0.94976 0.78914 -1.02774 -0.13557 0.01915 
0.97077 0.71862 -0.75485 0.70677 -1.47428 0.17400 0.00767 0.57348 
0.59423 0.60428 1.88565 -1.08914 -3.72496 -0.49226 -0.12952 0.25212 
1.22641 0.74937 0.67734 -1.07164 -1.79844 -0.23286 0.62939 0.85460 
0.97310 1.51333 -3.18504 1.61452 3.87518 0.28908 0.01232 0.96585 
-1.05007 0.29066 -0.05884 -0.47870 -0.17409 0.55300 -0.68442 0.20324 
-3.66951 1.00032 1.54199 2.54022 0.39241 0.58599 3.65716 1.27049 
-0.86279 2.70461 0.00939 -1.05866 0.19268 -0.29103 -0.09946 -3.21629 
-0.58915 -1.60272 -0.77830 0.34076 -1.12063 2.15305 -0.34402 -0.61564 
-0.46558 1.06320 1.37185 0.13516 1.48816 0.70166 -0.16245 1.15779 -1.53946 -0.27509 0.67005 -1.05651 -0.68043 1.04349 -0.22645 -0.06938 1.35378 2.12664 0.15454 -1.36576 0.08546 -0.23771 1.21861 -0.30424 
1.02783 -0.40925 0.76113 -1.03243 0.47398 -1.09443 -0.22526 -0.65698 -0.83659 -0.72220 -0.25922 -0.12735 0.71197 -0.06332 0.08243 0.64616 -1.26371 -0.55877 -1.01736 1.69342 0.69739 0.82608 0.41413 -0.65725 
0.77288 -0.61488 -2.08378 0.32004 0.11273 -0.38467 -0.63516 1.16350 -0.67551 -1.14756 -0.16732 0.87850 -0.33987 -0.04487 -0.46526 -0.03132 1.14649 1.20555 0.02141 0.21975 -0.54816 1.45400 -0.49930 0.00019 
-1.09490 1.03877 -0.07271 0.72342 -0.22586 -1.15938 -0.52638 -0.82296 0.62676 -0.17649 0.84787 0.62138 0.44296 0.58101 0.09832 -0.15912 1.10960 2.13845 1.15530 -2.19886 0.11757 -1.02497 -0.08211 -0.12715 
0.67898 0.30436 1.31184 -0.25634 -0.26750 1.21560 0.13197 0.95544 0.38889 0.78283 0.57443 -0.65938 -0.14513 -0.10043 -0.02843 0.39641 0.38063 2.20034 -0.00678 -1.65912 0.23574 -0.55338 1.13591 0.93309 
1.03462 -0.23361 0.26017 1.13788 0.37365 -4.20308 1.18021 -1.04773 0.46716 0.00033 0.39475 0.40229 0.29591 -1.24560 0.87922 0.64395 -0.11927 0.93357 0.79170 0.39526 0.58251 0.50458 -1.45573 -0.17343 
0.72698 -0.66071 -1.15480 -0.00316 0.47846 1.18324 -0.78327 0.23409 -0.03058 -1.47507 0.06383 1.40617 -0.79169 0.04826 0.08774 -0.48495 -0.66850 0.41575 0.62021 0.42498 0.12531 0.82742 -0.28021 0.08703 
0.06887 -0.04946 0.38919 0.74643 0.08613 0.46311 -0.83096 0.16045 0.51758 0.86103 0.60343 -1.02539 -0.74702 -0.53091 -0.64624 0.01545 -0.15707 0.31156 0.50247 0.31769 -0.73210 0.45518 -0.48216 0.54747 
-0.86622 0.34031 1.61000 0.22099 -1.19006 1.08812 -0.04432 0.58322 -0.67077 1.24818 0.02963 -0.39086 -0.41604 -0.22866 0.76035 -0.42955 -0.00490 -0.41916 0.17967 0.18958 -0.52273 -1.32099 1.02905 -0.93530 
-1.16480 -1.37688 -0.18796 -0.45327 -0.95898 -0.04820 -0.44351 -0.25117 1.05339 0.57916 0.46617 0.11174 0.67266 -0.09087 -0.62774 0.26339 -1.87883 -1.16737 -0.62548 0.79679 0.14203 0.23435 0.02887 0.09245 
-1.06775 -0.58138 0.34719 -1.10034 -0.20544 -1.05856 -0.69552 -0.25893 -0.55672 0.64265 -0.65060 0.43759 -0.05285 0.55214 -0.05953 -0.09524 0.16780 -0.65709 -0.59340 -0.38606 0.81140 0.23561 -0.62659 0.21095 
-0.34770 -1.47621 0.20050 0.54443 -1.05855 -0.13106 0.04788 -0.43859 1.20527 -0.53204 -0.11052 0.44505 -1.14432 -1.38538 0.57508 -0.29148 -0.52000 -0.53970 -0.79157 -0.43506 -0.91983 0.25610 0.22839 0.24907 
0.35536 1.38383 0.34199 -1.67924 -0.84991 3.69210 0.75568 0.26539 -0.56542 -0.55458 1.07591 -1.14861 -0.35984 1.47595 -0.79409 0.35585 0.13666 1.28486 -0.65879 0.23540 -0.97356 -2.00609 2.25363 1.03659 
0.27371 1.00192 0.35393 1.07813 1.12343 0.94424 0.81697 0.91273 0.27757 0.53619 -0.44632 -0.71049 0.20373 0.14497 0.01624 1.06266 0.40758 -0.25602 0.99937 -0.52236 0.96598 1.12383 0.87270 0.43610 
-0.95286 0.18775 0.35964 0.36190 -0.34010 1.88975 -0.93761 -0.27836 2.71156 0.39483 0.75004 1.69940 0.54002 -0.22721 -1.25123 -0.66676 0.12293 -0.77430 -0.32044 -0.06501 -0.48041 -1.31168 1.35141 1.13327 
-1.68661 -0.15367 2.38752 0.15368 0.03313 -0.06814 0.28577 -0.91892 0.17638 0.84942 1.02569 -0.01190 0.78177 -0.23454 -0.33355 -0.54144 0.43566 -0.63771 0.20407 1.08495 0.42843 -2.98381 -1.05300 -0.31812 
-0.29621 -1.82463 -1.77524 -0.31826 -0.16602 0.05360 -0.30885 -0.49032 -1.12811 -0.56170 -1.10516 0.46021 0.53119 -0.72432 -0.03209 1.15416 -1.18676 -1.30824 0.06199 1.38162 0.80134 0.77692 -0.27382 -0.34171 
-0.03423 0.73843 0.17680 0.32506 0.11280 -0.64740 -0.43150 0.56706 -0.64048 0.14060 0.81452 -1.14852 -0.75202 0.80294 0.09448 0.81768 -0.00429 -0.80109 0.84226 1.24888 -1.02690 1.00413 -0.77965 -1.30113 
0.32243 -0.52282 0.17004 0.04852 -0.76424 -0.14310 1.02400 -0.90743 -3.07814 0.72777 -0.64838 -1.37512 -1.24909 0.40290 0.70381 -0.20015 0.60087 0.63369 -0.59707 0.74524 -0.08460 1.28633 0.85573 -1.70575 
-0.91280 0.58221 0.74704 0.48806 -0.76534 -0.23607 0.31003 -1.34631 0.50879 1.29202 0.82853 0.62748 -0.83298 0.34525 -0.81959 -0.14849 -0.02230 0.59073 -0.50966 0.68572 -0.22653 -1.20696 -0.44173 0.52841 
1.07364 1.03086 -0.12137 -0.10407 0.91616 -1.71251 -0.86516 -0.16194 0.47963 -0.12087 -0.94601 0.36129 -0.71626 -1.08012 -0.21429 -0.22783 1.27177 0.71812 -0.02219 0.63115 -0.05481 0.78492 -1.44209 0.78965 
0.79559 0.22189 0.36800 0.41612 0.73112 -1.34144 -0.96089 0.70184 -0.42158 -0.28371 0.22554 -0.04293 0.94489 -0.72063 0.35284 0.26244 -1.07991 -0.71503 0.23506 -0.21116 0.96660 -0.66567 -0.46135 -0.36864 
0.23293 -0.01654 0.58762 -0.52201 0.18018 -0.97804 0.11082 -0.83838 1.15136 -0.99657 0.40908 0.68194 -0.75178 -0.71418 -0.34273 -1.24301 0.94084 -0.24389 1.26049 -1.27933 -0.65921 0.65098 0.26587 0.01635 
0.36237 0.34665 0.56179 0.37375 0.15895 -0.95169 -0.12706 0.51279 -1.56892 -0.14475 -0.15052 0.25791 0.14927 -0.13434 -0.26366 0.96289 0.92747 0.17402 -0.60925 0.81820 -0.52517 0.26896 0.55079 -0.47625 
-4.18782 0.94795 -3.51726 -0.47337 -1.36868 4.01405 -3.65955 0.94427 1.72204 2.66026 1.30745 1.32788 -4.00162 0.45779 2.49984 6.96558 -0.41411 -0.11594 -3.39776 3.55847 1.33022 0.83354 0.95253 0.70575 
-2.71904 -0.51889 1.73280 -2.64894 -1.51178 -5.37045 5.31223 0.17546 2.17829 2.08468 -0.15532 1.39714 3.70581 1.76716 6.21630 -3.93445 3.98713 1.19624 -3.79771 -2.37686 -2.64491 -0.70672 -2.71606 -1.80650 
-1.75129 -1.58824 2.41183 3.30891 0.66013 2.95354 0.74290 -0.56079 -4.34579 -0.35262 0.04821 1.12296 -5.05861 -0.54873 -0.77351 -4.04196 -0.47660 -2.09122 -3.43963 -1.53152 1.66834 0.64653 3.82199 -2.50539 
-1.06417 1.07497 1.46735 -1.81994 -2.81424 2.00230 0.41624 -0.57698 -1.10897 0.50297 -0.21400 0.08403 -3.07637 -1.15191 -3.48979 -1.99975 2.37306 1.59742 2.48986 -0.70007 0.49105 0.91823 -0.66298 1.19949 
1.41670 1.39181 -0.79263 -1.14762 1.28257 -0.52918 0.35095 -1.03862 -0.59596 -0.85399 0.17329 -2.49357 -1.09047 0.20910 -1.19538 -1.07065 2.12676 0.65371 -1.36834 0.64869 -0.55133 0.53314 -1.08524 -1.42115 
0.76118 0.53558 -0.32572 -0.75008 -0.23628 1.48263 0.23383 -0.97074 0.29823 -0.12407 -1.12033 -0.07344 -0.30920 0.21472 0.98727 -0.54858 -0.53840 -0.41523 1.12376 -0.54404 0.86776 -0.27098 -0.77124 -0.11931 
-0.48317 2.11065 0.05269 -0.27443 
