5
8 5 6 5 4 
0.22108 -0.26792 -0.57199 0.25128 -0.59090 0.12064 -0.57897 0.35950 
-0.42411 -0.79458 0.40098 -0.02382 0.55642 -0.23132 -0.08609 -0.81757 
-0.17271 -0.83031 0.61156 -0.63911 0.57050 -0.26307 -0.42460 -0.05009 
0.25692 -0.10071 -0.40767 0.15528 0.11769 0.56635 -0.60381 -0.10451 
-0.76194 -0.87560 0.72214 -0.82972 -0.05298 0.58902 0.57547 -0.68829 
0.61018 0.33444 0.57836 -0.92089 0.48545 
-0.02931 -0.99864 -0.28417 0.25397 -0.40198 
0.99108 0.09502 0.57725 0.70248 -0.34361 
-0.58649 0.14962 -0.51878 -0.18649 0.18225 
-0.28575 -0.90927 -0.27697 -0.22436 0.01946 
0.56889 0.69731 0.50780 -0.02598 -0.75399 
-0.06547 -0.59079 -0.67935 -0.21293 0.96590 0.61582 
-0.08138 -0.67660 0.43310 0.47388 -0.35918 -0.08297 
-0.20936 0.81453 -0.81307 0.16292 -0.76652 -0.58926 
0.04697 -0.52760 -0.29926 0.76344 -0.02103 -0.20949 
-0.38107 -0.74025 0.71697 -0.78387 -0.65626 0.65139 
0.85598 -0.06289 -0.48968 0.57825 1.20360 
0.31619 -0.64545 0.17658 -0.28719 0.95717 
-0.02400 0.26001 -0.23944 -0.31400 0.05364 
0.49760 -0.19793 -0.72641 0.12354 1.21093 
0.97323 0.52537 -0.04754 0.30481 -0.15183 
0.83232 0.67192 0.75272 -0.43568 -0.95018 0.38190 
0.35309 -1.05989 -0.31196 0.02873 0.71067 
-0.48340 -0.36186 0.47545 0.13127 
